[ 
  -73.986900 -97.346600 94.890000 15.588500 -3.730910 94.663800 14.898600 0.056723 -46.653500 94.203100 71.067800 35.734900 -3.999630 -21.699100 -96.505200 36.777600 -78.282600 -95.490400 93.413400 -0.944021 -66.162800 1.384780 74.034200 92.920600 -84.111800 -67.771400 -34.408700 93.320800 43.269300 26.315300 81.717300 23.339400 65.883300 -99.051800 36.469400 -57.972600 55.256700 98.809500 92.035700 43.830000 50.309500 -47.909800 -19.866700 ; 
  -99.623200 32.495400 -50.244200 -54.889600 70.692300 -74.563400 13.719300 -18.994700 -43.693400 45.779700 20.042300 51.444800 33.216700 73.742500 -10.213700 -61.467900 -90.468100 -96.907300 79.521700 -78.414200 91.747700 4.111220 97.343300 48.198200 67.923700 -7.051030 93.306900 8.304430 -27.467900 -52.386700 -62.651200 21.328300 64.464400 53.592500 -70.275300 82.701400 -38.251000 -84.035100 21.624500 42.495500 21.273500 -55.766300 -64.767600 ; 
  51.456700 33.269700 -36.239700 -80.330900 78.014300 -14.005700 6.438140 5.774630 54.159500 58.895900 63.101500 -52.653200 57.851200 -94.478200 -95.505000 47.544900 86.826300 90.398300 -75.969600 -21.836000 2.498390 -9.548070 -74.397700 -2.716600 -57.882300 -27.895900 -46.779700 -27.016900 -73.341600 -52.766300 -42.505500 10.108900 -99.571700 99.221900 23.181000 3.153710 4.362080 -86.516500 -82.566300 -91.198800 22.057400 -81.333700 23.987600 ; 
  -41.084800 87.691600 32.418500 57.423400 -84.771800 39.622700 -61.057300 10.534800 57.779200 95.236400 37.861000 -70.690000 -86.874600 99.270400 37.538200 -95.376600 4.952440 35.660500 -53.211800 69.016200 -44.491600 29.050600 52.904100 -41.183500 29.360600 64.181300 94.582400 47.044900 83.134000 33.159800 -82.603800 77.149000 43.944400 -26.798500 -2.589740 74.164700 85.889600 -53.875900 -91.918500 -74.953400 58.438500 -23.427700 50.094600 ; 
  -59.567900 42.425500 45.527500 -19.833700 54.405500 -7.481970 50.513900 -12.050700 63.428700 46.236800 -97.898800 14.312400 -51.124200 -44.116600 -67.892200 -63.576500 70.068000 33.446700 -61.068900 15.218300 -25.569200 57.694600 73.438700 83.579700 -76.120400 44.419200 -46.108900 47.660000 22.102800 81.114300 87.923600 -68.354400 -32.996400 29.794100 -51.060800 20.557600 -88.114100 66.517900 -33.665500 -16.430900 45.969800 14.265400 -41.853600 ; 
  -33.003900 -96.014800 78.994800 65.003300 -88.984800 33.176500 -2.585750 -58.636500 95.646100 -75.458400 -30.155800 -28.899500 85.804200 -88.944000 -81.673400 -84.768100 -97.431400 71.065200 -6.979890 89.060200 35.573400 82.804800 99.749300 86.270300 -55.596700 -14.438300 -64.867800 -33.050300 -76.253700 3.358730 50.254600 28.223300 -50.683200 -32.123900 94.212400 28.108500 20.376600 70.153400 68.388000 -2.226200 -15.773200 -99.831500 -67.627600 ; 
  -16.625600 -27.171200 -66.876700 2.540150 92.283200 3.061560 55.672300 84.428000 -19.327500 -37.953900 -91.649000 55.916500 -11.713600 -70.123400 35.608200 67.476800 82.827600 84.107000 -14.031300 -24.860600 -31.269500 53.821900 -16.034200 -86.924700 56.923000 -95.677000 -42.841300 -33.556400 17.558200 -99.060800 85.199800 -46.649300 -35.531800 17.329700 60.317500 -43.115200 -37.441600 -80.930400 3.342010 -30.854500 27.641200 -33.766800 80.707700 ; 
  54.025600 8.262180 62.442500 71.480000 -35.776100 -88.601200 79.907100 -0.966688 -47.122300 15.394000 -72.871100 55.639000 -75.267000 -12.708800 3.034620 2.816670 -60.299800 -58.964600 -18.807400 -95.753900 64.309800 55.067300 -83.462600 43.536600 -80.622400 -21.181700 -1.546720 4.339620 -63.977600 -71.165700 -82.525100 1.384810 74.466200 -46.193500 25.301900 49.715900 -25.657200 -20.132100 40.132100 99.647700 -21.121100 18.387300 35.198000 ; 
  -27.268100 -94.243400 50.407900 6.338920 -61.739800 -60.518300 68.769800 14.853400 41.781700 25.359100 10.230500 -55.993900 -90.149700 53.522800 -42.839200 1.898620 -89.953900 -55.830200 62.027500 95.489600 93.374100 -61.149900 53.257900 -94.537500 -91.684400 60.181100 63.390800 8.356410 46.216300 -41.867800 -71.476500 94.965300 82.585400 12.023600 80.184400 59.185400 -70.859600 61.894600 62.441700 58.125100 -91.857800 -53.523000 39.322000 ; 
  85.019400 -79.077900 -61.539100 -87.624000 -95.747900 -35.224600 -20.653800 70.937300 43.550100 -54.149200 -85.898700 -99.217300 54.937100 -71.875100 -5.399120 56.943300 45.469800 10.421200 -50.925100 -98.381300 -94.842300 -15.243700 -0.055325 70.157700 -59.917700 -37.164100 -17.658700 10.567000 -0.072536 -19.103400 -70.259900 -58.751400 -34.804500 40.025700 -87.807400 21.290300 25.577600 81.948200 -97.299900 79.942100 -13.035700 -91.709000 47.286900 ; 
  -49.390800 89.494400 -67.063500 63.541500 -57.477700 -28.443400 -47.509500 -92.599900 74.011800 -83.216300 -16.517600 -10.677200 -51.478900 -6.662640 20.982500 52.651100 -92.348300 -97.784400 -61.634200 -85.596400 -18.255400 -18.699800 -87.289700 -78.063000 -5.196040 70.201300 73.940600 -80.768200 -71.170300 40.947100 -1.415210 14.504700 -18.913500 -79.298900 23.000100 -37.323400 -95.106600 -55.983500 85.572600 18.864800 61.217900 89.850600 -80.279200 ; 
  -52.803200 -64.022500 -26.568500 63.855800 24.565500 72.002900 -46.502000 40.845700 93.949900 16.097800 -45.082700 94.877300 2.427960 6.763670 76.987500 -71.824500 45.025100 -62.844200 -22.373100 -24.133800 -17.033800 -86.652000 39.018000 -24.698100 98.417800 -91.199300 12.725200 73.007700 40.201400 64.497900 16.037700 -54.515300 -38.577000 36.939800 46.588400 11.133600 -77.342400 -94.302800 52.157700 14.076400 -18.343600 98.614900 20.744800 ; 
  58.221000 -80.198600 -97.731600 25.384600 39.006000 -26.732700 -96.968000 59.650300 -56.970300 99.880800 96.390000 26.548200 -5.082380 -19.513400 38.191500 84.210200 -79.290000 -26.890100 57.453100 14.973100 53.546800 -38.813800 56.058600 -23.043100 -84.879800 24.784700 -43.059100 -94.176300 -20.552200 -20.805800 -82.354600 66.163100 3.206170 86.032300 -54.838600 -71.720800 -10.967100 75.867400 -96.949000 -21.226300 48.956300 9.135420 -61.020800 ; 
  23.760500 -56.676200 43.530600 18.567700 66.876700 -2.580850 23.720300 67.790800 -40.653000 -54.817600 80.739800 -6.678080 -38.447600 11.742200 -48.689500 75.912600 63.426600 11.503400 -62.602600 37.892500 59.590300 -65.116200 -8.761090 -47.583200 68.454600 -84.002400 -28.141100 32.998400 4.571520 33.488600 42.412100 20.843400 -85.578400 83.452700 -10.659300 49.002000 -23.747300 78.359600 -9.373870 53.304600 89.840000 -58.866000 39.024200 ; 
  80.372400 19.531200 61.372200 82.476300 -20.276600 11.069700 47.879500 -89.365400 35.592300 0.489619 29.030500 -84.733300 87.098200 60.155800 38.840000 -16.806800 -71.212500 -68.654100 -69.590600 -8.848040 90.925300 -19.180600 31.494100 -78.586400 -1.255580 97.492100 -49.916600 52.503000 17.595300 -76.150700 -64.396500 87.670500 78.848200 1.076020 84.708400 94.342800 20.011600 -64.834100 -67.438600 -40.304600 -0.006230 95.288700 -83.528900 ; 
  -70.287200 82.290000 47.300500 -20.641600 75.966300 -34.706400 89.597400 63.337300 -89.345400 -27.466800 -34.655200 -50.638400 -79.253800 -17.796700 91.045600 3.657230 66.983900 -2.348430 -70.098100 61.849500 -95.197800 11.006100 -20.678200 61.806000 -25.862900 -77.972300 -80.195100 -39.320300 -55.487400 23.767600 62.661900 -41.968200 39.641600 55.818300 -61.191300 -42.814700 13.507700 24.322800 -7.362110 64.955700 -90.300100 -73.723000 -62.467200 ; 
  -86.233700 69.616100 37.914700 31.541700 -79.119600 36.418400 83.396500 44.519500 38.911500 -13.937600 -49.786500 37.977500 87.245300 -67.954300 91.692400 74.881700 -63.165600 -25.069200 62.570300 19.190700 -62.261400 -27.205500 -42.620500 77.770500 88.998000 -10.433300 46.959000 39.469400 -37.701500 -49.304500 -60.025800 -53.096200 11.356700 72.231900 2.307610 -16.005300 -0.969759 -98.735600 -50.011200 61.150100 -50.251000 31.355700 -4.750810 ; 
  -46.800400 25.781900 -84.237000 28.325200 61.692000 57.155600 14.045300 58.912800 -52.253400 -23.298400 23.419500 10.819800 48.919700 -6.848370 99.518100 0.150789 -65.689400 -41.210600 -26.943300 -36.096000 -64.759600 -15.056700 -58.215700 -31.864300 56.319200 -43.984400 -46.123700 -0.587708 -77.614500 -66.342500 -19.071000 74.535200 -87.011200 2.794520 -32.561100 -53.857700 14.042400 10.721200 -9.337690 61.369600 39.367100 43.278700 -14.166000 ; 
  -88.777200 -77.862500 -35.397800 69.334600 -93.603000 14.804100 11.688800 54.012600 -10.420700 59.873800 98.688300 53.967700 35.804500 -33.885400 87.776000 50.731900 51.081400 -74.830900 -82.709800 96.347900 -80.216800 -3.963320 -11.497400 -37.161900 19.175300 80.013100 -19.184200 -28.122500 -54.533800 50.763100 -24.022800 48.929200 -47.203000 59.935700 -60.244900 63.161700 -41.995000 -9.876910 -1.196570 89.280900 -55.251900 -18.647200 -3.086850 ; 
  -80.756900 -80.468300 -30.384300 -68.771400 -41.190700 -92.746400 11.610700 -59.654400 -12.313400 48.695900 31.934700 -72.706000 29.836500 61.420500 94.639000 -2.002740 -60.072300 -35.440500 -47.944300 -0.348508 -57.369800 -14.251800 69.471000 -0.888449 67.842300 26.252000 17.669200 -33.415600 -15.785300 96.692300 -92.273900 -48.276300 19.778900 24.271200 -73.553400 -11.284900 -64.939400 -35.723800 -9.235030 -13.139800 -40.328000 6.510530 22.529300 ; 
  49.929200 -39.509900 -42.998500 -76.126900 -63.993200 66.142200 51.615900 -91.254700 82.788200 21.482700 60.212800 -2.827390 80.121100 -3.993990 73.079800 52.416800 -31.649500 66.545000 22.308100 -67.048300 -81.232700 -78.668600 16.718700 -8.057370 -20.220600 -47.962800 88.763100 40.764200 -75.586400 18.550600 -20.413600 -91.708000 63.553200 -61.251900 -60.403900 -8.629320 -33.032200 27.295100 -50.913000 -95.082000 -42.950000 -60.273200 -12.498500 ; 
  -61.529900 67.698200 3.195570 -92.000400 -50.135700 -30.469000 -92.438100 -6.695820 63.272300 17.252900 -29.850000 -89.645300 -68.079100 -4.797790 -36.424700 10.030300 -20.888200 -67.704900 83.361200 51.761200 -49.009500 96.806800 31.331800 -6.710000 25.015700 38.676100 28.447400 -83.881400 5.465850 64.484700 -6.267200 67.227600 94.488200 63.402500 6.316600 -36.970400 39.151800 24.960400 -90.531500 36.244300 -41.453900 84.332900 -17.525400 ; 
  51.250300 -36.557400 -19.843200 95.589600 -24.894100 5.073840 76.012200 -62.459800 38.844200 53.931100 19.931800 -5.509980 -6.238200 -45.449400 -68.365000 -11.121400 82.351000 74.048100 -72.984900 -57.330700 43.020700 49.687300 94.159100 -68.508500 -22.169100 4.263590 58.134400 65.093800 31.588000 99.574400 -53.505000 -58.345300 -10.224600 -45.481500 -6.942900 -89.242700 97.619900 98.299700 -76.641200 91.094800 30.120300 31.104200 -31.445700 ; 
  92.103000 -24.433200 -48.913400 -86.930600 -42.349800 26.403100 -42.990100 64.710200 -15.188000 -64.963900 -47.530100 -38.264000 97.138000 -1.239570 -33.434200 71.854900 65.722200 -7.409140 74.578500 40.013100 -99.606200 -80.640000 83.227200 0.348020 49.167800 -37.350100 56.151300 -64.449800 -7.907150 -95.479300 79.573000 -16.807700 -86.848000 -54.847300 -17.903300 99.918400 -71.461600 -55.843100 45.759800 85.482300 -99.615200 -31.975400 -10.367000 ; 
  -37.525100 -84.973200 55.686900 -70.051000 52.624300 56.608700 21.639600 96.921300 -43.079300 -33.468200 -99.358900 75.024300 -66.333800 -72.220100 -3.023200 -10.987700 -69.590100 -1.225160 8.730910 -59.596800 -43.277400 36.702900 64.991900 -81.051700 -35.682300 87.202300 8.475930 54.872800 47.149900 47.917700 -47.916200 72.708600 12.696700 -6.157070 -81.955000 -17.990300 36.900800 -8.965510 -83.384400 -41.461200 -38.383000 96.264100 -89.080700 ; 
  21.104100 96.427600 59.339900 -75.067400 -57.913700 44.228000 -60.129500 2.969540 -90.899700 49.497900 -89.288600 -73.983400 -38.540900 43.522500 82.858400 1.630340 1.132290 30.432800 83.894000 7.056080 -8.462750 -33.450700 -6.355280 -13.263200 85.718500 71.418900 -63.189000 -16.969900 -13.248300 -63.955000 -92.427400 -26.958600 -92.500300 -53.159700 -54.380300 29.622200 61.010500 3.040350 99.117000 59.568200 -37.717200 87.605900 -8.004430 ; 
  69.513900 -79.748000 75.332500 -85.908200 -58.415000 18.480900 9.145030 -99.462600 -67.986400 -47.131200 66.473900 26.096100 -2.431720 -69.977300 92.297700 47.637200 37.859300 -98.132400 89.025100 44.768700 26.715600 9.582110 46.461500 78.418300 -24.455000 -15.901200 -51.662000 -82.633900 -28.662900 61.926900 5.712280 6.304150 -46.175500 -71.155500 90.213900 24.522000 -58.225500 4.328200 -55.894200 -14.499000 -85.114900 74.579800 62.823800 ; 
  80.431200 6.632050 64.901800 3.738180 27.612200 78.888300 75.255100 12.854600 48.007400 59.675800 -29.469000 -85.209900 77.025300 -35.565800 46.280200 31.913200 -34.328100 47.412600 64.145300 90.103400 -31.867700 -0.652119 39.840600 0.493940 -98.358000 96.557500 42.156500 -75.650200 -53.284800 42.732200 -0.672195 -97.583900 -93.396500 84.901900 -53.500200 22.036200 -38.217700 74.540700 5.102040 -50.054200 -60.161000 74.735000 71.319900 ; 
  72.760600 86.977300 27.541300 86.345300 4.786810 51.885200 34.155500 51.875100 64.514300 91.394400 65.792500 -25.405100 16.261300 -97.144300 95.978000 -97.201200 -61.196300 73.463500 -98.827200 11.949100 28.716600 40.710200 15.700100 71.199500 50.110600 8.394470 85.831100 -37.209100 26.843100 -47.813100 4.723200 -17.098300 29.671300 85.490300 35.485200 -0.368904 -0.174167 72.782200 49.632500 -27.046900 23.523000 -48.860200 7.025490 ; 
  77.347900 -13.516600 26.218600 56.529500 91.327500 -59.539200 -75.656400 42.677700 84.606800 -13.341200 -25.517600 -74.836900 16.646200 -26.992500 -62.418100 -61.199800 14.936400 35.285500 44.228700 -48.699900 -99.244700 -4.887120 62.150500 -36.015100 94.012300 65.416600 57.555000 -72.670500 27.135600 67.566300 -13.897400 25.685500 96.166300 66.909100 -59.288400 -59.794800 29.168000 25.934900 87.822500 33.328100 -54.100800 -71.759100 -54.498100 ; 
  49.699500 99.828200 13.026100 -69.907100 71.080400 48.366400 93.551300 -82.942500 -14.531000 -23.256000 -63.732900 40.869700 97.360100 -68.612400 31.249800 15.927300 89.680400 58.023000 -8.269770 10.006400 -21.736000 82.477100 -7.788850 92.764400 91.731600 -67.214900 -81.003600 -28.232700 93.420100 -88.191100 -27.556600 56.140600 -45.245200 -36.043500 17.093700 94.605400 33.794300 -19.219600 -23.117500 64.045300 9.506450 -25.112200 -60.634700 ; 
  -87.968000 -78.785200 56.974000 -38.514200 91.406800 74.783200 80.766800 47.422000 20.788500 -7.374450 57.535000 -9.991700 69.543900 24.816500 90.226600 38.092700 23.860000 15.723500 64.095800 57.535800 4.537170 56.293800 -69.463400 -71.668500 67.192200 99.693500 -50.651000 -91.443800 -96.616400 -31.570800 -10.449500 -24.910300 -67.600000 46.858200 -54.127200 84.787900 30.272800 -5.703500 -58.756700 75.480200 -3.947330 57.263200 23.098000 ; 
  8.181650 -90.996600 20.855500 -82.080300 76.404900 -63.313700 86.272200 -23.147000 -32.461100 25.919100 22.126700 83.266000 51.937100 -93.357700 -62.887600 48.074700 -8.438710 -29.473900 32.270400 -31.105300 13.038100 -68.980700 40.715400 -96.196900 18.388200 50.343600 -75.340400 -46.823900 30.143200 17.496800 68.077600 -19.777000 7.769930 -10.742000 59.473900 -21.420600 -15.206300 28.143900 13.798600 -87.521100 32.975000 10.186700 7.576020 ; 
  -69.862800 15.125500 14.347400 -64.072900 -73.550700 33.962500 7.629020 20.886000 30.637700 -72.633400 50.311800 -9.745280 11.003400 -65.830100 -6.001310 -64.087700 77.686600 79.058800 -58.658000 -65.287200 -82.556900 65.837300 -72.223500 -60.543900 38.884600 -66.466100 -96.234700 -17.357200 77.967400 -2.388730 52.579800 -91.872400 -99.959700 -22.551000 -15.365900 -54.431900 -36.310700 -74.483100 -36.623300 72.570600 94.119200 61.029900 -69.865900 ; 
  -36.872900 77.282900 94.166400 54.972800 -71.562900 42.795100 56.455800 53.458800 82.046200 -49.288800 2.451870 8.627380 0.410359 96.896300 -63.191000 -50.397900 -37.449000 -5.407200 -78.870900 17.617000 89.023000 9.875570 -21.359000 18.813600 0.713332 -11.033000 -32.091400 40.381900 97.884300 -57.729700 -63.470200 56.264600 39.759100 30.405000 17.527000 -24.509100 74.871900 -27.891900 20.181100 -16.009100 -65.326000 66.032500 7.424350 ; 
  -18.884700 4.755750 -70.033500 -52.629900 48.632800 -28.563300 -63.920300 90.742000 -99.135500 29.114500 -72.419600 43.887800 23.056800 -84.683700 -78.765800 -16.076300 5.200570 5.983670 -32.495700 45.216600 -44.985500 -71.551300 37.718600 -63.392700 -40.386600 22.231900 51.526100 -0.053440 -98.161200 5.048680 53.180100 -1.924650 52.344100 -53.286300 17.503100 -25.886100 -66.900600 2.038220 56.435400 -90.333300 -30.988700 -26.519000 94.646800 ; 
  -70.917300 92.648900 -50.778000 -25.154700 24.664400 -66.166200 -54.565900 -89.613200 70.472200 26.095000 -20.751700 26.368300 -28.640500 39.408400 -63.690000 -37.795700 -33.012500 -41.760600 -70.311200 80.451300 -55.201500 28.574500 51.862800 57.702500 5.342720 -4.846500 -55.141200 42.012600 -93.643000 -58.005400 -97.344500 -68.720600 13.688300 58.775200 34.317200 -30.554400 72.689500 91.994000 -56.409400 -72.363700 -16.176200 -72.740100 56.664500 ; 
  -40.031900 -16.737300 96.935700 -1.471440 69.589600 -7.457410 63.246900 -8.947650 16.821000 -88.676000 21.686800 89.754500 -96.834600 -98.634900 43.225300 87.922400 -87.673000 79.127400 93.616800 16.953500 -62.091200 33.030400 -58.412800 56.667400 8.320940 50.025400 -22.262700 30.773600 12.135800 -33.812400 -85.705200 -46.953900 45.875600 30.973700 -25.778100 -52.015600 -26.733200 94.778400 -60.101000 81.656900 7.451660 40.061400 -87.809700 ; 
  -18.334600 49.756200 52.201900 -42.917900 79.419100 -3.396120 -78.600900 -44.774600 72.906500 -60.637700 61.918200 58.449800 -35.025100 -67.039000 76.232200 35.321300 44.680200 -59.133100 -49.957300 -32.925700 17.032400 63.094700 32.239700 52.678300 -35.314900 61.814700 -79.876100 -77.302500 -22.999100 53.320500 -41.654500 -86.737900 -4.702960 -42.631600 91.358900 69.344900 79.760500 -65.343200 -23.698200 -95.185100 23.208700 68.602000 -6.609030 ; 
  -77.916000 66.349500 -64.608900 -81.005100 -53.327100 -69.343800 -61.096200 -43.339600 -8.729460 84.019800 -79.900900 -94.734400 -1.390220 34.492800 -80.280800 -79.772900 56.759500 -42.508700 -44.498800 -91.334600 -61.353100 37.750500 73.031400 38.535400 64.378300 6.758260 -13.940900 95.845300 71.270800 48.193100 -18.690800 64.247600 9.206120 -72.705600 37.515700 -73.701800 94.581200 25.506700 91.141000 7.313160 -87.766900 -98.288300 68.263600 ; 
  -93.582300 -38.290600 50.455800 11.039900 -51.593100 74.225500 -91.585900 -84.009600 50.152600 -84.837400 -62.672900 57.017100 85.656600 30.328600 -66.996300 -5.986390 -13.207200 26.715800 12.146000 -61.759100 14.721800 29.328200 -81.354200 79.367500 -70.817700 -32.581700 -0.570530 11.105000 41.584700 -85.372000 -46.908100 16.037300 -61.446300 71.557900 72.866400 66.031600 -7.531840 12.402200 42.985000 49.564400 29.179400 17.627700 69.175100 ; 
  25.605700 -44.689500 -97.259700 -43.355600 -77.106600 69.111400 -44.246400 -49.868300 64.164800 17.450700 93.966700 98.675100 31.988400 29.519400 -67.638800 -5.915770 -26.422800 -88.320400 -1.280580 77.325700 12.389200 25.175600 -73.387200 -18.058400 92.726300 50.404500 -52.341600 94.232300 -38.103100 1.810710 32.660800 -70.405500 94.235600 18.356400 -84.585600 -30.544900 31.646200 77.086300 -10.073500 95.275700 99.522600 75.917900 -48.362400 ; 
  -26.086500 -35.016200 83.529400 79.123200 23.872900 31.108300 36.640600 18.244800 39.627800 23.774300 -25.072000 14.987500 95.746300 8.500730 71.722400 39.129500 49.709500 67.140300 27.861100 60.670800 93.600700 -53.632200 3.036640 36.862900 -44.613800 -24.692000 0.996506 -51.717700 -19.437800 -91.443200 -86.171300 -81.238700 20.413500 89.555800 -36.444900 69.788300 -68.382400 97.639000 19.256000 35.435400 -36.884100 88.570400 2.403590 ; 
]
[ 
  -2.798060 ; 
  -27.003900 ; 
  -53.940300 ; 
  24.971400 ; 
  94.854800 ; 
  24.447200 ; 
  84.055100 ; 
  -86.532200 ; 
  53.134100 ; 
  25.080500 ; 
  -71.915300 ; 
  -79.748800 ; 
  61.273300 ; 
  19.609200 ; 
  -27.815800 ; 
  99.384000 ; 
  -53.920300 ; 
  -37.744900 ; 
  21.065000 ; 
  40.291500 ; 
  -21.589600 ; 
  -56.222100 ; 
  74.436300 ; 
  50.452000 ; 
  -53.850000 ; 
  -57.702200 ; 
  -0.621858 ; 
  -51.559700 ; 
  36.271500 ; 
  15.746900 ; 
  58.840600 ; 
  -65.813400 ; 
  74.657000 ; 
  -40.082200 ; 
  -62.096300 ; 
  -52.020300 ; 
  94.135900 ; 
  -57.490000 ; 
  -34.392700 ; 
  -38.097000 ; 
  -95.532400 ; 
  -12.479700 ; 
  53.484600 ; 
]
solution:
x[0] = 1.284490
x[1] = -1.102933
x[2] = -0.577297
x[3] = -1.757568
x[4] = -1.562046
x[5] = -0.067727
x[6] = 2.762513
x[7] = 2.724363
x[8] = -1.002158
x[9] = -0.547209
x[10] = -0.873056
x[11] = 0.912201
x[12] = 0.493607
x[13] = 4.006149
x[14] = 0.445414
x[15] = -0.256989
x[16] = 3.415498
x[17] = -0.228209
x[18] = 0.313531
x[19] = 0.320312
x[20] = -2.139014
x[21] = 1.154253
x[22] = 0.549743
x[23] = 1.456778
x[24] = -0.081664
x[25] = 1.099307
x[26] = 1.572874
x[27] = -0.508652
x[28] = -1.879127
x[29] = 0.570576
x[30] = -2.486635
x[31] = 0.369526
x[32] = 0.126765
x[33] = 1.563726
x[34] = 4.779516
x[35] = -1.435187
x[36] = -0.535211
x[37] = 1.337270
x[38] = 1.696847
x[39] = -1.625097
x[40] = 3.351698
x[41] = 0.118975
x[42] = -3.423309
