[ 
  55.550500 37.843400 33.225900 28.139500 -59.036800 -30.792700 67.604500 28.599000 62.557800 8.365510 -0.890834 27.746300 -68.144200 -99.517400 10.228500 -88.896000 -75.011100 88.748300 -7.993790 48.432500 5.626740 -31.396800 -85.242300 -66.600600 44.439600 96.116300 26.829700 -72.852600 -32.837100 -92.532600 3.777970 96.345800 83.041500 78.736500 -76.243000 -16.071300 90.102600 -45.783000 -74.839400 -26.422300 -79.440600 41.493800 -12.875800 -3.171130 -97.116800 -42.294400 -41.236800 -67.366000 -19.893500 50.218100 15.689400 91.712700 15.092400 58.177400 -12.834400 92.075000 -95.552500 ; 
  49.776500 -7.147570 70.848900 -43.327100 2.245980 -51.825300 -27.230500 -63.128200 5.028700 -82.721400 -98.561500 76.399700 49.971700 73.887100 21.004100 15.807200 71.482000 -1.865990 38.327300 -33.352900 38.324900 -73.236000 -78.243500 -37.958000 40.684300 -19.799800 24.670700 40.836000 -69.926400 -53.648200 -64.924200 19.764900 -10.756200 20.361100 9.768540 -20.131000 57.583300 2.607700 27.626400 -83.548500 -0.416022 7.925620 5.841790 -17.046400 -98.535300 -83.520400 72.414100 63.396300 -98.617800 -69.326200 34.112900 -64.278400 72.902700 75.265900 -6.259180 1.982040 -87.875500 ; 
  75.840100 44.288100 -50.676600 78.422000 39.162400 2.163490 -38.240000 -99.171600 23.103100 93.568900 12.579600 26.041700 82.589000 73.518500 25.201000 -47.556000 -73.313100 27.185800 -87.647600 -93.507500 19.768600 50.056200 95.282600 14.243100 -16.876000 -34.428600 -40.722700 -26.296700 31.074500 68.516600 -41.334300 93.684300 -47.952100 68.397000 -51.307200 80.010700 -60.161500 66.326400 -52.879700 50.402400 -86.724400 22.421400 36.595500 60.051100 79.633400 -1.902910 17.827700 29.882200 30.444300 76.624600 30.319300 -22.919400 -7.032010 13.079800 31.867500 -2.971490 58.163500 ; 
  -45.758100 -56.653000 32.211600 -20.259800 93.992900 -61.079100 43.031900 37.861400 -63.877900 3.616240 -21.857200 46.613000 25.226800 -12.971800 -16.705500 30.637700 -71.392100 -87.795000 29.258800 -47.085700 31.053800 -79.074400 -2.811590 -54.369300 15.468800 -16.364700 -41.857700 96.879700 56.941200 10.913200 18.471400 49.335300 -22.173800 -75.302400 -7.634960 79.146200 10.886800 -25.268100 -80.176900 67.268400 -20.482200 -44.461800 -68.800200 75.236700 -96.985100 -27.795000 49.454300 -21.271700 86.074700 58.005900 -94.286000 -64.768800 30.643300 21.675900 -93.033500 -14.491800 36.823100 ; 
  85.934200 95.985800 32.946600 -66.702200 -63.391600 -22.323400 11.446900 -11.390200 -35.549000 -71.377200 -37.149300 32.154300 17.841900 68.448700 17.917600 -59.702100 -12.899300 1.118250 -5.530680 45.889100 57.713000 -18.210200 -59.105300 17.968800 0.966876 50.277900 20.642200 -67.063000 72.094200 87.017100 97.052700 -34.645400 -84.562800 -47.389400 -72.859700 46.845000 -75.564900 -19.082300 84.407600 39.193900 -68.418600 88.054100 -74.909600 -5.262900 -53.549500 -5.677520 -22.076600 -42.092500 -49.390100 -99.976000 -96.123300 54.942000 10.409700 -43.402100 -59.820200 1.226790 18.601900 ; 
  42.168100 -80.695400 -46.982100 -28.692000 -25.886000 -65.700000 -20.065100 -33.708200 66.597000 95.505600 -38.179800 -88.709100 66.930300 96.717500 -68.887700 4.063970 -96.864200 3.917940 48.795800 -88.598400 -73.518200 -19.589400 -39.849900 42.329100 24.958800 81.756800 87.244100 -88.778700 95.945800 -39.759600 -39.436700 -12.134500 55.967300 42.875900 14.500000 -99.082100 -73.478000 55.442700 25.915200 -43.026300 57.487300 -11.249100 -63.975900 -43.585600 56.640400 -45.459800 -42.468900 25.551100 37.474600 34.943400 93.605100 20.402100 97.897400 -39.031200 2.174110 -59.733000 67.315500 ; 
  -28.466200 -30.762100 -19.162600 -65.252900 95.013500 91.526700 89.343800 1.891800 -4.528850 83.566500 -97.647300 41.018300 -5.874700 63.945900 -61.105600 -2.446560 80.652700 -69.938300 -53.622900 -39.564100 45.935400 36.263000 71.571100 96.015000 -75.937800 -86.343300 28.423600 -84.435000 -98.531300 -15.905300 79.981000 40.016900 -36.668100 -80.055300 -89.892700 -27.021100 56.737600 -11.365500 -20.454000 29.830300 -42.070700 -82.148700 -73.420300 25.773200 -29.727700 -32.848800 -90.126600 42.933200 -22.344800 51.430800 -2.259930 17.387900 39.094200 56.822900 21.999600 -53.321800 19.926900 ; 
  -88.469500 93.207500 -61.864700 40.236600 56.162000 -85.024000 1.116260 -38.983700 0.767438 98.323800 -72.334100 80.615100 98.822700 -86.540700 -89.067900 36.085100 81.622600 30.814200 93.676400 18.777300 -9.674600 -0.975659 2.104250 -33.787000 -58.282100 52.577500 70.457700 -17.641600 97.912200 9.819140 30.301000 69.333600 90.370200 51.721500 83.110000 30.272400 -11.169400 75.252000 -39.276800 74.800500 -27.375400 -97.997700 -47.778300 -10.114800 0.245636 -71.598800 38.554000 -23.708000 -59.925500 31.691000 29.933000 83.304100 91.396800 -93.147200 74.446600 24.023600 -35.092200 ; 
  6.012390 50.273900 -46.321800 69.314100 -38.163600 -15.241600 34.016000 -93.235400 -7.708080 50.320200 -68.767300 27.488800 3.959690 -49.445000 -21.286800 33.301800 -96.860400 67.259900 36.730400 -72.483800 -34.540400 78.769800 84.428700 -6.774040 -51.341700 99.287800 -69.271900 -53.064800 -59.588600 95.172600 -33.517300 74.262600 -68.487900 -76.699100 -80.999800 37.145700 -92.512900 -63.571600 -47.814600 -19.465000 52.213700 -44.137500 -18.607400 65.061200 84.369800 3.734960 -26.511800 16.160600 11.089000 -27.997700 42.900300 25.526800 28.783100 -42.045900 -65.198900 2.243070 99.313100 ; 
  -43.949400 -58.275700 -39.474900 -55.138000 95.446400 -32.548200 -38.228700 90.566200 -53.683800 -64.363000 51.187900 -84.714800 -2.273160 -5.032780 14.077900 6.929280 60.440400 21.451300 -68.773000 -68.235500 -34.727100 -58.140700 28.949700 -42.779000 13.331600 64.559000 42.378400 53.176500 -63.350700 64.860000 -97.218100 56.077700 97.174400 10.029600 -32.336600 -81.181400 -16.104100 -61.651700 19.075600 3.309010 14.467200 -50.017800 -49.766800 -30.092100 41.608500 -86.150500 69.357600 92.401400 -9.946940 21.784800 -62.830800 2.495740 -54.097300 -13.795400 -59.331600 13.836800 -45.564700 ; 
  -6.260150 -14.381300 92.917000 56.232400 98.592200 39.583400 78.555300 78.278800 31.813500 88.834700 44.921600 -3.040530 97.818200 30.234000 -57.327000 -94.997500 -23.645700 -13.931300 57.076300 81.244300 73.435600 32.677000 2.105520 -12.596300 93.433100 -70.452100 -88.445100 -97.069600 -48.194900 -12.178000 -75.591600 -67.717900 64.855200 21.946500 54.879000 -47.956400 -3.722970 27.975100 -23.033300 78.872900 16.233600 38.218300 -65.736000 -25.090400 -93.958400 41.559400 88.407100 57.764800 52.432700 35.829200 -19.084700 43.162700 35.050400 91.533400 1.858850 41.749300 79.825200 ; 
  21.323100 -22.735400 85.864600 -73.654200 94.661500 -24.256800 -83.497400 59.919500 67.593100 36.579000 -17.074300 31.785500 18.122400 -16.423600 -31.780800 60.823700 64.400200 -26.213200 34.787000 65.277000 -88.682500 -86.334300 -21.105100 87.387400 -79.485700 83.261100 -30.559100 -6.874960 52.532200 -91.235900 -1.334830 -34.465100 -55.620200 -8.312880 85.483400 -79.858300 22.017000 39.708400 -21.132100 32.640900 -3.743120 89.378200 -21.284400 72.455500 -39.613900 9.565750 -28.389600 55.451600 -25.523100 33.575800 -91.165700 -22.714900 30.278100 83.481100 66.954300 -99.631200 97.766000 ; 
  -46.959600 -49.390100 -99.598700 43.998000 75.118500 -82.653900 35.978700 94.012500 68.777300 -60.118700 -15.745100 -28.497800 37.818000 7.177170 26.643700 0.675718 -43.214300 97.841100 15.997300 66.558100 42.454500 -66.913200 -10.245800 -0.837759 -80.213500 51.103000 88.380000 1.885020 81.503600 30.295600 -22.349200 -22.202800 37.614100 -19.725400 75.193000 -30.453600 -33.609100 -67.889000 -10.875300 19.225800 -71.434700 -2.810540 -36.758400 1.799650 46.731300 12.669100 -70.282700 -41.097700 70.708600 -0.142672 2.107680 23.780600 81.072400 -16.914500 -82.631900 5.049930 74.103100 ; 
  51.198200 87.612400 -98.023600 -82.564400 -60.397300 -97.823600 78.972300 87.446800 -82.345200 23.465300 -18.789900 -2.596880 -45.837000 16.984000 49.718900 25.608700 4.995370 -42.765400 41.471900 17.390900 88.641400 -3.747950 8.173320 -31.066700 62.753500 98.347300 -76.736200 94.884900 -70.077400 9.947640 -10.071900 -77.715500 36.429500 69.884800 -46.757100 -46.350100 -6.864130 34.500000 41.261100 75.769400 56.292200 -97.690000 -75.855200 -98.962800 -67.872300 71.030500 10.354700 32.270800 -25.058700 39.133200 -88.308800 -6.192670 -80.229300 -13.744500 -2.985930 15.539800 -22.420800 ; 
  -26.125400 -88.798200 -30.833300 -15.950600 -81.817500 93.717300 -94.156700 -91.406400 -67.587600 55.075600 56.111300 62.142800 33.572500 53.541000 62.811800 78.676800 -79.700900 66.422000 -46.282600 -72.447600 -26.184200 -78.497300 95.091400 1.820580 -1.550120 -52.824200 -15.982200 -12.439000 -63.088600 69.482700 -3.430720 -60.070400 -2.590070 68.767600 -22.569100 80.693900 22.950500 -71.240300 64.183600 -65.395100 -95.014100 97.630600 78.204500 -17.505200 -9.363910 20.702800 -48.409400 -16.629600 -93.304100 38.813400 -62.432400 98.668400 -80.094600 50.547800 -42.579100 -26.185100 -92.583200 ; 
  -46.619700 63.361700 -80.057600 72.701900 -98.725700 -83.339300 -83.806000 71.811500 -63.704800 -87.109400 -48.176500 97.337700 -45.453700 60.443200 68.542500 -5.901770 8.988110 63.116700 2.326790 -93.626200 24.676800 -57.667000 -8.967120 89.533200 -14.823300 64.960000 -16.652400 -76.829000 -65.264300 -96.762300 -84.126400 87.649800 -69.210800 -26.361000 -48.543400 -69.514100 75.769100 50.856000 -63.837600 80.688000 -77.344400 72.004600 -18.020300 -66.835700 92.838400 -64.342200 1.447680 -68.851800 7.195290 -68.758700 -27.532400 62.562400 85.785500 -2.782960 26.714500 -9.309180 -59.451500 ; 
  -1.708460 85.856500 -9.458880 24.654100 -38.928600 -72.316500 -23.737500 44.000100 -91.010500 -13.414400 -55.307900 40.053500 -21.172600 -48.552200 -16.055100 -37.776100 96.803200 -28.907800 -53.065300 -69.149200 8.610640 -80.978900 -12.738600 -96.945200 42.758900 49.297100 -63.992400 78.997800 -84.413300 66.047600 61.494900 -55.053100 -77.427700 72.659200 -16.694900 8.282240 -0.369315 -7.070760 -38.316800 10.222600 10.456900 -50.966600 4.304830 -48.690300 61.759400 -9.509440 -25.161300 -85.501200 -18.379600 93.797800 59.399800 -67.715100 -87.203600 -30.178400 -9.159320 59.291700 -84.733500 ; 
  84.366800 -46.532200 -67.417500 -85.702800 -6.978370 -85.410100 -88.161600 67.365800 16.479600 -27.001300 -10.730900 45.099800 -8.161370 31.825500 91.972800 -12.864500 -13.539800 37.182300 -76.458600 -40.270300 -23.756900 -82.600600 -68.139900 -27.993800 -92.233200 37.022500 36.814500 -58.022500 16.218200 -20.228800 14.501300 -77.403100 86.195200 82.185200 86.780600 -77.778600 -25.566600 -97.662200 -8.710210 7.458560 -44.037900 55.294900 -59.118300 -0.440161 2.220720 -76.327500 -36.859400 -95.804000 21.873200 22.321400 -44.828000 -23.583800 27.728700 36.834600 78.328300 63.124100 -72.539000 ; 
  37.760900 47.052300 7.562320 99.838400 -15.828400 -27.863600 97.145100 -82.278800 -59.054400 72.752300 -52.272600 54.599500 54.210600 -81.820400 44.090200 24.728700 15.245500 31.925900 -21.976800 35.910800 -47.768600 -47.597100 35.031500 -24.841300 92.003400 -98.916200 -84.837700 -68.035500 -72.675400 -55.110200 -36.741800 80.892700 -36.820900 -48.178200 68.611800 -41.751300 86.668600 39.098300 -74.770000 -58.809400 -9.442660 97.270000 16.845800 -72.128500 -63.692200 -74.819200 -85.673100 91.702200 39.374800 -28.242000 -63.528300 79.313100 14.433200 -21.875000 -52.870800 0.225726 -6.230900 ; 
  77.346300 -40.469100 36.383800 -97.079100 -7.996870 -3.351420 72.697700 30.428400 10.294900 25.696400 79.087300 20.708700 50.544100 94.548600 78.147700 27.621400 33.410500 -68.963300 -66.785000 -55.518000 -90.542200 56.914000 -45.716300 46.222200 56.811800 35.879100 20.230800 18.638700 61.013200 48.981100 25.933400 62.809500 38.557200 31.289500 82.419300 21.411100 56.140000 -54.765200 -38.609000 98.779800 -7.415020 -24.273300 38.826200 -48.188700 93.003700 -86.641600 14.449200 47.438200 93.957000 -65.032200 3.458720 -69.247100 -35.908300 88.672400 -83.306900 60.624400 -86.109200 ; 
  -37.313800 67.207600 -41.180100 86.591700 -52.589200 -65.938500 -28.000400 -3.165700 -5.894220 -64.143300 -56.722400 66.841700 8.472340 -5.297890 -41.672900 3.079560 -41.860400 51.633900 10.680400 -94.575500 70.328800 15.382300 -69.021800 -49.637700 -60.336100 -69.235200 -35.683200 72.521600 69.892900 90.409400 -88.767600 83.133700 28.442100 26.417500 -1.739180 -30.355100 21.110800 8.812740 -84.330000 66.238200 66.250700 75.203800 -50.005700 -45.750500 70.661600 10.026400 -86.241500 -60.851000 76.678700 -60.300400 -68.548800 -99.982700 -10.031500 1.358260 28.308400 -20.882200 32.699600 ; 
  -18.354700 -87.560300 -26.467100 -32.304500 58.733200 -71.328600 -19.531600 -67.733500 3.609460 64.270700 -1.896890 -81.090100 -80.661200 -73.456400 18.268500 38.850900 -33.652500 2.413170 -41.783000 -47.473300 -83.404700 17.595500 -71.663000 -40.628800 -48.237700 68.833800 89.810000 35.905900 69.725800 81.040300 43.725000 85.467900 59.786600 33.341500 -29.181900 -59.880700 -15.385700 12.380800 84.357300 -6.501670 -73.499600 92.632600 76.055100 58.810600 29.861700 84.819300 -42.560200 90.322700 53.414600 -60.663700 25.076800 66.344100 44.948100 42.007500 20.448500 78.001700 -25.845200 ; 
  20.511400 -65.723400 -12.421300 34.974000 7.221510 -28.098100 -44.986100 -82.013600 -1.996580 43.412600 36.117000 18.988900 -53.114100 -89.296400 -4.514690 -78.386600 -44.283200 -67.501800 96.537900 -87.761000 1.505720 -93.399800 29.881000 9.541590 -34.499900 -40.375200 14.308200 78.230300 16.884900 -14.893500 85.142700 -6.677190 -23.544600 85.998400 -25.035000 37.493800 -41.199900 -46.414000 -80.244400 -67.913600 -24.193700 -22.903800 55.894900 25.072400 -7.333360 -51.789500 -26.495600 88.106600 7.228680 92.374800 -57.505700 -98.168000 91.214100 36.051600 -81.336000 -13.824800 47.245600 ; 
  56.137900 -89.828900 45.792600 35.815300 -51.736100 71.949700 57.879600 -17.478200 43.299200 -70.399000 3.336790 81.430600 4.726840 44.024100 -86.510900 11.935600 1.285490 5.201840 27.279200 81.825900 47.298300 -57.976600 -11.898300 25.664600 -54.991900 -49.492000 -12.247800 -49.104000 -90.900600 33.787200 61.755500 -76.107100 67.184300 -33.429900 -55.812200 -35.732200 48.099700 10.827700 -18.625300 -35.014300 -84.888000 86.713500 -6.409960 67.850600 -34.449600 6.145270 83.472000 -85.547200 7.644120 74.699800 80.029800 61.328600 -50.719900 -48.575700 -11.208500 19.300500 -15.914400 ; 
  -74.068600 -70.882300 81.533000 -74.062000 39.466400 -88.269200 58.738800 22.866500 -83.328600 95.682300 -66.862800 37.633300 -96.713900 -70.907200 63.525100 66.365700 8.086900 -83.545300 54.035200 -31.067200 54.310400 -4.618540 -23.757800 -96.877500 -19.373100 -3.222570 38.196200 -36.972000 11.466800 -76.811400 31.201700 7.267670 -52.279500 -61.892900 -33.150800 35.200800 20.336600 -2.493290 95.340700 -8.368640 -51.741500 -19.371600 22.352400 77.380300 -69.900100 -11.632100 99.967000 -53.969200 -60.335500 -58.157700 -57.097900 -43.705400 43.289700 -30.842700 26.064700 70.083500 93.562400 ; 
  -97.449700 -37.414300 -21.514700 3.043800 -42.836400 49.035300 -64.163500 3.904330 20.042000 46.007100 40.761500 79.164600 -80.325300 -28.144400 -23.310700 16.493400 4.316440 -53.557000 67.123600 -53.132200 6.847950 93.475800 47.221300 47.804900 57.612500 93.712400 23.832400 -49.580800 95.362200 -47.926800 94.783900 32.621100 62.448100 -34.054200 51.634400 18.758800 78.729500 6.142320 34.048500 53.320600 -39.965500 99.116700 54.925600 -65.933100 62.528800 -79.262700 31.988700 33.662700 -31.533800 11.541800 -17.043000 -41.344900 -84.287300 -17.254500 3.370300 44.692900 -46.968100 ; 
  7.941440 71.753600 -36.541300 50.133700 -3.178130 -14.820700 -91.705400 -91.919400 -90.160000 80.516200 35.431200 92.888300 -26.310200 4.726470 37.838200 -53.978600 -18.511100 84.221200 -94.022600 -38.061700 97.761200 72.626100 26.144300 6.836770 -94.377400 -1.692420 -44.501600 61.956000 94.819700 34.066600 -42.686000 -22.890900 72.162500 35.079800 -14.344100 -80.964100 37.129200 31.094200 0.517455 96.868900 75.936100 57.564200 80.821800 -27.455800 -49.733800 -75.780100 -36.700900 -32.479600 -84.668800 -28.688200 37.175800 13.181700 -54.621000 -14.405200 91.889200 -18.954700 28.519800 ; 
  -68.366400 -34.350100 78.195800 37.451900 53.423500 89.508700 -27.844300 21.266400 23.679400 -20.241000 9.315770 -29.902400 30.342100 -40.053500 21.564000 25.441600 -3.678810 -29.717300 -58.441300 -23.132900 5.296150 12.385100 -43.790300 15.623700 -12.157600 67.763800 -94.491600 79.308400 -62.925800 6.011890 41.882500 -81.138300 -90.712400 -2.835030 -48.273600 65.976400 65.527100 -86.457500 -91.286200 -46.490400 36.561300 85.725600 -10.489100 -89.503700 -88.263300 -41.407700 60.890300 -17.264900 29.255500 97.212500 50.308000 -73.273500 92.469500 -65.351400 39.147800 -42.307200 -57.820600 ; 
  8.500070 60.662200 -50.072700 28.268100 -97.226100 -78.798900 27.548600 10.149000 -25.250100 21.355900 -71.137600 -9.749740 -63.909000 80.769400 90.975700 28.579500 -63.756400 45.519100 39.684500 -22.584200 28.105700 -27.624100 -77.408800 -10.174000 4.784690 16.206300 -20.313100 -1.667740 -29.707100 -87.887500 74.653900 -92.401500 7.789990 -73.599200 18.004000 -6.472100 23.446700 68.643700 93.835400 91.047300 31.475300 4.898030 -78.791200 -44.069200 -70.281800 -26.665900 26.390000 -63.928500 -47.049100 46.566400 41.811900 -66.642200 -56.094000 27.622300 47.803200 29.029100 91.402500 ; 
  2.074640 68.407400 -77.142300 69.332900 78.436500 82.902100 -63.885300 80.551300 25.347000 6.284710 27.092400 -58.119700 -18.535000 82.274500 -11.746100 -16.198900 -55.714100 12.847000 -79.747200 89.437200 -28.506400 93.496600 -2.251310 -37.739700 -91.217000 -84.179000 2.861570 94.456500 -70.366800 -54.987700 22.208500 58.044500 -46.505200 -13.582000 -72.444000 34.445100 -81.560200 18.401400 72.662600 39.684700 -19.799500 29.250700 16.749600 -89.691900 -51.591000 -89.536800 -45.319200 -80.246800 91.993500 -65.974800 -37.848300 82.999100 -34.931400 -91.453100 -51.949500 85.332800 -11.521200 ; 
  -37.538600 87.932200 76.303500 32.557000 -14.793700 -37.212400 -29.486400 22.110500 10.977200 94.442200 90.756700 -51.357400 36.564500 -61.282100 31.874500 -85.867100 31.779900 -74.443200 33.540900 -78.168500 22.253400 13.176400 55.906400 19.293200 60.724800 1.007130 -73.091800 -53.576400 -57.811600 -39.020300 -14.918900 57.298600 17.058400 -99.693000 59.236500 -11.602600 -4.345170 -29.234500 56.109000 23.137700 75.544000 67.736200 42.284400 73.318900 71.506200 5.463660 27.741400 50.125000 51.361000 23.848900 27.776300 36.728600 97.965400 -94.920900 64.194300 -86.739400 -29.309100 ; 
  2.562520 68.225900 73.330100 59.566100 -73.025000 68.028400 -45.855000 -84.691300 -5.862860 62.859300 77.010300 -88.698700 40.675600 35.614300 -30.735000 36.992700 -64.193600 97.854400 39.275800 -91.883900 -93.308600 -37.299600 -93.729600 85.789000 55.642400 -17.389400 -64.457900 55.513300 12.272300 59.974300 -11.989900 85.538400 44.600300 -2.909740 95.971400 -8.899180 31.491300 74.305100 46.490000 -42.063200 43.209400 19.947500 58.460900 -47.104600 -86.900300 66.744500 -24.631100 25.371200 13.681700 -52.268500 -76.436100 -61.107800 -38.842300 -22.677300 63.071300 39.803600 -20.325000 ; 
  -1.864700 59.979700 79.091800 96.009300 28.218900 75.595600 -65.473100 -5.680530 -72.674100 -33.892900 -37.798100 -73.078900 -36.313200 83.802400 66.965900 96.203300 88.916000 11.654500 77.670900 15.322700 -71.658000 44.323300 -58.162500 62.364100 -46.468100 11.161100 -15.890300 -68.468600 48.680700 -23.765300 -22.705100 -5.008170 27.770400 -63.434800 51.045200 -82.955400 -31.924100 51.602700 87.232500 -83.844700 21.806500 -97.931000 72.945200 -9.313180 73.415400 93.452400 54.523800 -18.560500 53.845000 -27.037000 -11.625500 10.494200 -24.709900 -99.733300 -17.534700 94.935800 -14.492400 ; 
  26.177700 -31.765200 -78.373500 -22.962900 63.301500 -91.676800 -12.410300 19.659000 9.638550 -4.826020 89.097000 52.701400 -46.909500 -7.142860 -50.067300 -80.285400 42.905700 -83.972200 79.150100 75.657800 -18.533400 -90.530400 55.760200 -38.825400 61.764300 72.443600 -40.366500 -39.930300 90.611800 -87.352400 68.623500 -44.720800 -23.207300 -45.794400 -65.968800 62.945900 -68.135000 54.892100 -28.134100 -49.252300 16.901700 66.682100 -74.623000 10.483700 -0.828279 79.112600 44.778900 -0.712929 17.810700 -56.184100 -86.172800 93.129900 34.157300 82.125600 84.373000 57.085800 40.282400 ; 
  26.520900 -62.691800 -60.293700 43.881700 -80.733400 -86.214900 -14.306600 -50.665800 59.204900 56.838300 80.621900 12.887400 -2.201160 5.139920 -13.432200 44.447500 29.579400 -59.269100 64.706800 -72.137400 -12.833100 -85.217600 -51.813900 -36.941700 -79.654800 41.711500 44.856200 97.495500 6.264260 83.361400 54.840100 97.956300 -48.059500 64.293700 -16.078800 -36.440400 -53.971900 93.827100 -48.675300 -86.348900 -65.798100 -67.866400 -31.005200 95.156500 95.209800 -9.627350 -6.802660 67.618300 60.677400 5.204690 75.226700 -65.068900 -12.255800 16.191700 -66.695000 57.223700 -40.855200 ; 
  -52.690600 29.252900 53.453700 -3.773060 -13.750900 87.851900 -73.529200 -5.454760 -78.165400 73.774400 -73.564200 5.742440 -86.888400 67.448600 9.330730 21.616800 -87.145200 -49.571900 44.313600 -20.742800 -24.724100 61.931800 88.510600 -2.819970 4.770160 -27.949800 47.925300 81.337900 45.587300 -14.286200 92.501700 75.524300 -63.236300 -11.853500 -22.393500 32.617300 -1.346160 -24.872900 -38.467900 69.803400 -13.576100 26.022700 -36.027200 91.240500 79.171200 30.383300 52.791500 67.334900 97.799500 -83.450000 55.509100 -58.553200 95.606700 62.086400 85.304600 -85.791400 -95.962300 ; 
  -38.987500 -63.041000 70.737000 77.474000 -93.910400 47.536100 -60.786800 -43.823900 52.048400 -21.974200 79.633600 1.238600 17.095800 -70.141500 -67.392800 -70.606300 -79.463300 60.789500 89.265300 82.657100 17.595900 -65.237600 -48.104700 -96.268200 20.592100 91.711900 1.397830 93.355700 28.972800 -53.925800 68.335500 -85.007800 74.183000 -6.632720 -76.178000 76.616700 96.239500 98.001600 -86.290800 -89.250300 -29.890400 32.040200 99.207500 -20.314600 -26.818600 60.456900 98.849100 -43.410100 6.804340 -39.451200 -56.177900 18.349900 6.598110 94.356300 46.367400 97.382100 -99.189000 ; 
  -69.459100 0.587652 76.667500 -49.729800 -9.173040 28.798800 22.175500 -96.856100 -59.837500 -88.773100 -8.907510 91.438400 5.586320 89.249400 13.826000 -26.504100 -54.691800 -4.946230 68.787000 -96.082700 -62.628300 5.692230 69.393000 88.813000 79.813600 27.604800 -46.067500 -57.070400 18.280500 40.001100 97.963200 68.162100 0.447608 -77.044200 -81.981300 -60.496400 37.744000 -36.124500 54.696600 85.828600 -78.361700 -25.154500 28.281700 -69.400500 -13.786000 98.477700 -84.510700 29.031000 -76.730100 -2.359600 -57.841700 54.464900 -9.029780 36.451400 39.170400 -62.531100 39.656600 ; 
  -92.119400 -49.956200 -13.323800 66.576600 -47.815400 -32.639900 21.501200 -30.136900 89.760500 4.693790 88.475600 8.828030 -27.376200 88.591000 -50.932100 -15.394900 57.379600 -21.536900 30.092300 -39.362300 37.495600 -10.630100 -59.813500 -85.855900 19.501700 -35.364300 31.678000 12.165800 70.656500 -75.572200 58.662000 -67.380900 -71.544100 -42.129400 -68.961500 -36.359200 -89.212800 0.708346 -94.833100 -59.804100 71.955000 -52.538200 -9.647590 52.938100 -69.259000 -36.310300 -67.930800 86.813000 65.346300 76.009600 93.761100 42.764900 -51.120200 22.823900 1.117380 -20.134700 -3.623600 ; 
  98.181700 -59.356400 -2.770270 40.127100 15.713000 88.716200 53.548900 -4.006830 57.217600 56.066900 -84.283100 53.796400 -43.973800 -67.950100 -37.610400 82.029600 70.830800 53.302500 55.579300 -78.687400 -98.834200 93.554900 -22.327300 -54.361900 -60.035600 -18.461200 -76.876500 -63.741800 91.940200 38.482000 -33.409500 86.159400 81.613100 71.531900 36.612100 -60.740000 -57.159500 -79.791500 -55.255900 -85.816200 87.000200 12.125900 0.639500 -51.922700 -64.092200 3.095060 18.707600 18.137200 32.035400 19.456800 9.624260 -45.051700 15.612600 0.699856 -37.518800 22.165100 -70.916100 ; 
  -86.553400 97.740300 -79.571500 41.524900 -90.509500 7.575820 -73.250100 85.570800 -11.636100 32.150000 -55.211000 68.426700 46.719100 8.236520 31.153200 -7.718770 70.612700 -13.151100 -30.798400 -28.639500 55.803000 81.668600 4.233190 -52.716200 -0.951663 5.392370 29.513300 30.607400 18.685500 46.541200 17.854400 78.758900 -98.639500 -33.484100 33.445700 -77.678000 65.724300 28.816000 -89.615400 34.807400 8.394470 85.795100 -42.282900 -48.941400 42.396300 -46.006100 -24.310500 13.266100 -37.287400 -89.278300 -99.956200 35.716300 83.466800 27.191900 13.921400 -22.400500 -85.481100 ; 
  -80.261700 41.936300 22.771400 -81.255700 -63.906000 -67.827000 31.168200 44.335700 -49.690000 60.734400 -36.379700 -33.544900 11.566100 -8.830520 -14.468300 31.470900 -68.483600 -3.400410 49.308900 -65.648800 41.162700 21.267100 36.340900 -18.407400 27.606000 -25.719000 -58.821200 -7.881810 -69.655900 92.780500 -37.953400 -83.550200 -28.780300 88.673800 -58.966900 -56.854500 46.442800 -35.403500 -26.684000 -78.110600 -4.651830 16.680300 -54.116300 66.905900 88.295300 -20.977100 38.083100 62.541400 -67.473300 -23.926400 69.286600 99.686200 25.753400 37.498200 33.014400 73.815800 22.783800 ; 
  -72.172600 -5.588180 79.476500 -38.827400 27.636600 88.764600 67.065500 -29.695600 -94.203700 -80.780300 -74.130000 97.794800 36.885400 -67.636400 34.872100 95.913900 24.376700 99.747000 47.060200 -59.915300 2.897480 97.971300 3.090270 -61.777200 -90.168500 -61.977000 -46.769900 -62.091800 22.467900 18.188400 91.724500 14.102900 27.361800 70.419400 -60.640400 16.313900 -12.241800 52.762500 -21.357700 41.539800 -39.857500 -84.298400 -3.838290 89.885900 -88.430400 -49.573200 23.894600 -2.832090 0.990286 43.737700 98.788200 -67.337100 65.366500 14.003900 -36.397500 67.572400 88.667100 ; 
  28.399100 -96.086300 76.887900 55.357900 0.342052 -51.136500 -51.950500 67.221000 -16.270600 -59.375300 79.796900 -53.637300 -82.792000 -85.444500 -65.940200 -57.228800 -44.189300 -89.530500 61.074000 70.752800 -58.135600 -84.351400 -93.469500 57.969800 98.990400 -68.719000 39.250800 87.498800 -7.579430 12.506500 -2.959690 56.488400 0.716105 35.574600 -98.255400 21.196600 51.150000 77.722500 82.276200 16.363100 14.920900 -23.638900 -99.339100 7.062730 -96.749200 -63.062800 -95.986300 -41.280100 5.265360 94.844500 51.662900 97.998700 63.648600 -57.558400 16.226700 -77.663700 -93.149900 ; 
  29.146000 56.998300 -29.818100 47.318800 86.950300 -25.884100 -34.333500 -42.917800 81.302100 44.595700 -79.960300 -93.552900 56.703800 20.942500 -19.147200 -6.699370 3.690130 20.071800 -53.167900 6.900400 -25.057500 58.916700 12.912100 12.940800 95.574200 -84.721700 82.045300 -65.079300 11.810500 99.329300 27.904200 -14.281900 -35.245300 32.384400 85.098200 46.164400 84.742300 63.825500 -85.449300 54.193200 25.950800 -45.381200 77.603300 77.969700 36.048100 60.964900 36.985900 22.568200 -96.094700 -63.010000 -8.912710 4.086750 86.025300 27.127300 -72.026400 51.805700 98.037800 ; 
  -79.316700 -76.090900 -59.127600 43.021500 62.305000 -40.618900 -81.608000 13.573600 -68.396300 64.134600 -89.575900 97.284500 61.239900 58.381800 23.704000 -7.149590 36.849500 -69.786300 -98.394700 80.271600 -74.663300 -65.625400 33.806900 -6.824420 -98.007800 -16.478800 40.246600 25.283600 -58.652500 27.644600 23.447000 74.554100 31.173000 -75.813400 4.054900 -49.284300 79.186300 84.025000 8.352350 -22.020200 -93.535000 -43.159600 16.195100 -8.404200 -49.330200 -92.415500 -26.508000 79.637100 61.473500 -15.471500 -29.339700 87.482500 -80.840200 -81.981600 -65.026300 -96.327700 19.515000 ; 
  -11.999800 -79.848400 -11.938800 -54.578400 -98.616400 -46.160200 -14.034200 -72.524700 77.293200 66.288600 -87.067600 54.046000 -48.313600 -6.798640 -64.740000 -84.527200 -49.116600 96.586900 -64.389300 8.199760 13.400700 25.280000 80.200100 -77.094100 79.064700 41.073400 -79.252900 -3.936190 44.468400 -19.317200 -63.632500 -71.571000 -93.379100 -22.135200 -25.784200 44.940800 -79.559500 43.985300 60.532000 -38.344300 -52.987400 41.235400 43.555000 29.326800 96.149600 -12.850800 17.244200 23.479100 13.282300 34.819800 16.539900 -14.114100 -16.497000 -65.222800 0.182135 61.138000 -53.924400 ; 
  91.957100 -77.655600 42.166400 91.195400 -78.102000 -60.767200 86.300200 47.490100 -33.878700 0.848223 56.079900 -65.465700 -81.184900 -74.770600 -68.911700 1.580410 -38.079900 -8.744460 31.921400 -96.209900 -0.009773 35.750300 55.901600 -62.215300 -52.723600 73.818600 69.244300 -11.247100 -30.153500 10.119600 80.600800 56.950300 -35.575700 79.570700 -54.512000 16.703800 -59.047500 -10.778800 40.475400 70.762300 -97.986100 -52.900200 -92.882500 -76.110600 8.416100 49.319000 -96.176600 -39.572900 98.913900 46.297600 -76.648400 -30.173200 78.400500 77.757900 76.490200 -29.687200 46.766500 ; 
  4.167310 40.054500 -4.298990 -53.080900 69.019600 11.908300 -57.033000 47.097900 -24.872800 -36.819700 -28.338400 -83.095300 17.740500 -35.247000 4.045150 -13.232600 -0.707288 -87.385400 -86.341200 63.337000 -94.362100 56.811000 22.333200 -45.372900 16.947100 29.364900 -64.553400 51.373700 37.987700 59.505300 -94.929700 -84.045000 56.015400 50.283200 -89.586200 -76.017900 -32.618100 -12.509600 -49.627300 -85.194500 -63.997000 2.459010 -71.366200 -51.761400 46.664800 94.471900 -10.686300 -4.869520 -42.080000 -38.848300 76.985500 96.012200 77.331000 -98.476300 -90.955200 -84.372700 -51.705900 ; 
  -21.206800 -23.422500 -61.207600 84.492700 68.663000 19.202600 -62.178700 -37.344000 -41.437500 -39.876800 -10.024100 -75.043000 -48.018600 -48.270900 -89.227000 -38.481200 47.285700 -69.661100 6.623140 -84.848000 -40.300200 75.377400 67.264100 -93.065500 47.783400 96.320700 62.183200 -86.898300 -99.080800 -51.725400 51.571100 -44.652300 -70.849600 30.746900 -36.086600 91.830400 -6.991550 93.070700 39.975200 63.205300 91.415600 22.557500 -75.332600 84.873500 69.119400 90.495500 -42.692500 67.633800 -78.418100 27.832900 -12.389400 -29.081000 36.030900 -28.997400 40.857900 98.744100 -8.292350 ; 
  30.504200 84.609300 29.282800 -44.415800 -97.131100 -83.005300 -70.064100 33.102500 -46.811000 47.957400 19.371000 -31.321500 -19.685500 -53.799100 -1.419120 -51.221100 -73.258300 -52.794700 79.192200 -16.583200 85.646700 63.329500 -20.319600 87.648600 -89.722200 39.403900 61.028200 -99.779900 -0.606734 2.620430 41.632200 -87.962000 22.635100 28.863000 99.735000 46.736400 98.859300 -70.929400 89.194600 92.881500 58.889500 -44.165100 -83.269900 82.426300 -61.456300 -96.707500 36.728900 -97.274600 -93.638200 23.351200 64.270800 -0.275270 -26.460400 80.761500 -41.149100 7.640100 7.194260 ; 
  -86.008000 63.182500 -91.567700 20.894800 -21.774200 40.667800 -95.643300 -77.287500 29.013100 22.713900 -48.037700 30.970000 -86.551400 -69.248100 -53.181100 -15.226100 95.747000 19.783200 96.597800 -80.238000 39.739700 -95.610200 79.424100 80.189500 -55.023500 20.066400 56.315400 93.457800 -53.971900 94.950900 40.151000 18.575400 -3.639110 37.508900 11.533900 50.763400 -19.816900 -62.663500 15.097200 -61.483400 48.868400 -68.171600 39.781800 12.021900 52.691900 -6.756780 38.764500 -84.288800 -42.309900 98.295300 49.814400 30.499600 6.907590 95.814500 -45.175700 -67.370900 97.308200 ; 
  59.342200 -35.256200 48.507000 57.380900 1.361540 83.352800 -89.310600 -43.948400 -40.246900 -29.026200 -42.717800 41.890300 50.059900 -43.847100 62.544100 -20.922100 -37.162500 9.743000 -49.329100 -74.718500 6.738530 54.391700 -38.848200 77.805700 81.172400 64.768700 -31.942500 -56.948700 62.550000 78.569900 -76.184500 -33.159100 94.607900 75.510400 -96.501200 -95.629100 -39.021500 -34.564700 71.142800 96.578600 -3.254180 -93.082800 -42.952100 -95.740800 84.553200 86.271000 -42.969700 8.629070 28.759000 -46.927400 90.407100 72.110000 -47.961600 -91.442500 -73.862000 1.394450 36.464200 ; 
  54.483200 99.866100 48.796500 -76.610000 16.065700 16.643100 -79.577800 -64.816600 26.640400 -55.300000 -27.782600 57.455700 58.523800 8.722710 2.562060 60.582700 13.526200 -64.591600 9.256120 -32.455600 -81.396400 -28.463400 14.854600 61.989400 55.928100 -16.827600 -21.353300 -85.142700 6.141870 26.359900 30.597600 53.365900 -78.772900 64.391500 28.562300 45.897800 4.039460 91.199600 -8.638300 16.025300 -63.102100 42.601000 -4.986320 -4.997600 5.275550 66.215400 81.994700 85.496600 -57.872700 -66.467700 77.946100 39.479700 -63.990600 -89.173900 53.463500 -38.228100 99.851400 ; 
  2.748010 -14.208700 -6.295570 -9.664370 -29.094500 8.699900 19.178000 -75.814800 -19.907900 8.315990 -33.189200 -10.948900 -18.375200 -31.256900 65.259000 8.850270 -53.540300 -51.113000 -55.991000 -41.463500 -76.204800 26.749100 -27.360700 -51.523400 45.476100 -82.824000 -22.879700 60.455500 76.417100 -57.018500 90.829900 -22.459300 -73.633800 37.530000 -32.680900 -67.695200 47.009000 80.603700 -92.843500 -20.664700 87.712600 -13.915700 -81.468200 -35.867200 -19.565800 -42.365800 -42.794300 -43.058700 -87.073100 -36.855700 -33.415300 -11.494900 5.707770 -69.436300 -16.274000 82.778500 57.697200 ; 
  -83.694700 -57.647100 -74.649700 -37.078200 26.603900 -69.084600 94.874700 -41.058500 -69.802400 31.575200 84.582400 -22.852800 -87.667100 -21.078600 -68.046600 -59.583200 -14.259100 -51.925400 90.172100 -77.431300 12.325700 -41.503700 46.853400 65.763700 90.296000 5.315840 -56.723800 42.354600 53.040800 56.770000 -66.205700 80.947100 78.637400 58.438700 -21.245700 -77.170000 3.195940 -85.917700 -18.966700 25.987400 -29.555500 60.001100 38.351900 -19.671300 -16.192100 59.521300 -24.760300 53.016800 53.979700 36.297300 48.556100 82.677800 -33.648500 69.062500 -65.979200 87.450500 -18.881200 ; 
  63.389300 -15.232300 -8.677120 -36.308900 -42.974100 -65.488200 -60.402200 19.550300 -18.072200 59.818200 -35.248000 -13.367000 -58.503700 -71.428100 -92.198900 13.109000 -77.060700 40.775800 -81.411100 -76.310500 49.872200 1.525070 31.820300 3.744590 -64.657800 96.542100 -17.484900 -68.079400 -10.969700 32.875600 -60.326800 87.617800 -7.948350 12.146900 -47.623100 -1.725250 3.661120 -67.486000 -36.448300 13.264700 -60.595900 -35.118900 -43.726800 83.893400 -3.919620 -77.056800 -94.354600 -17.300300 33.963100 17.355600 96.049100 96.932100 -62.249500 -26.565600 -87.268500 78.052400 27.240100 ; 
]
[ 
  23.571900 ; 
  -27.756600 ; 
  94.068500 ; 
  9.726010 ; 
  65.074100 ; 
  -99.068300 ; 
  -40.436900 ; 
  -22.762400 ; 
  32.231000 ; 
  -93.238100 ; 
  -52.144600 ; 
  5.066660 ; 
  -44.665700 ; 
  -96.230300 ; 
  58.139100 ; 
  -55.913100 ; 
  68.791300 ; 
  -24.787600 ; 
  -5.993460 ; 
  67.935300 ; 
  -11.365200 ; 
  -14.761100 ; 
  -89.582600 ; 
  -14.759300 ; 
  -60.042800 ; 
  61.468200 ; 
  96.685300 ; 
  -9.473830 ; 
  -26.653800 ; 
  30.079000 ; 
  -61.454300 ; 
  -62.933600 ; 
  74.899900 ; 
  41.932800 ; 
  -34.858900 ; 
  -72.912400 ; 
  -39.256500 ; 
  16.061500 ; 
  -53.661200 ; 
  -83.528700 ; 
  -67.425900 ; 
  -27.494700 ; 
  96.606300 ; 
  61.846600 ; 
  55.668300 ; 
  16.772100 ; 
  89.109100 ; 
  56.277800 ; 
  61.420600 ; 
  96.255900 ; 
  -26.295700 ; 
  47.987200 ; 
  -78.323200 ; 
  21.766900 ; 
  36.619400 ; 
  62.047900 ; 
  39.198700 ; 
]
solution:
x[0] = -4.134032
x[1] = 5.597649
x[2] = 1.934185
x[3] = 4.628394
x[4] = -5.566807
x[5] = 1.860167
x[6] = 2.586232
x[7] = 1.818101
x[8] = 4.880652
x[9] = -2.812685
x[10] = -1.118935
x[11] = 1.717548
x[12] = -1.095499
x[13] = -0.220637
x[14] = -0.750430
x[15] = 4.564904
x[16] = -3.183150
x[17] = -9.230968
x[18] = -7.700849
x[19] = 2.697665
x[20] = -2.400417
x[21] = -8.571120
x[22] = 8.096952
x[23] = 0.727815
x[24] = -2.172400
x[25] = 0.934693
x[26] = 0.864853
x[27] = -3.626448
x[28] = 4.159267
x[29] = 3.323202
x[30] = -3.585969
x[31] = -0.818579
x[32] = 2.268109
x[33] = 0.709262
x[34] = -2.966318
x[35] = -1.113664
x[36] = -1.810232
x[37] = 1.066388
x[38] = 4.283713
x[39] = 1.932519
x[40] = 3.666313
x[41] = -0.763702
x[42] = 3.187235
x[43] = -0.522043
x[44] = -3.603351
x[45] = -1.778669
x[46] = -0.817041
x[47] = 1.943186
x[48] = -0.438642
x[49] = 0.498499
x[50] = 0.718147
x[51] = -3.440329
x[52] = 4.648906
x[53] = 2.676544
x[54] = 0.612513
x[55] = 6.184187
x[56] = -0.784756
