[ 
  37.801900 -63.801500 88.574600 73.121100 -53.652000 71.566400 ; 
  16.921700 3.175240 -33.729400 -89.809600 -30.136300 99.931600 ; 
  -48.796700 73.152300 70.539500 -43.074400 47.949600 88.251200 ; 
  37.191100 70.988600 -94.649300 29.392200 -5.845180 -39.940500 ; 
  -80.715200 18.927400 -87.484700 45.241200 -30.801500 -81.342300 ; 
  80.337700 35.428900 54.244800 92.707100 -72.112400 6.946780 ; 
]
[ 
  -45.490100 ; 
  48.610500 ; 
  -3.275800 ; 
  -56.448600 ; 
  68.004900 ; 
  -41.881800 ; 
]
solution:
x[0] = -0.722860
x[1] = 0.059583
x[2] = 0.362455
x[3] = -1.018087
x[4] = -1.286717
x[5] = -0.573714
