[ 
  -20.476200 56.252700 38.380300 57.885900 88.102600 -59.323600 -52.360500 -22.923500 -75.429800 51.734100 94.714700 70.065600 -7.831120 -17.671100 1.628010 -38.095000 -63.268900 38.898100 -39.135100 55.589900 99.315600 -3.380670 -18.997100 -83.726800 3.685830 -52.301800 -35.710000 22.243900 53.712600 -52.834500 9.732410 -27.443200 -38.008600 -10.305100 2.959350 -62.190700 -39.148500 30.387700 -74.230700 4.594230 15.186900 45.570100 96.891100 ; 
  48.275600 -32.164900 4.025260 52.570500 -48.413900 -92.490600 -89.084500 -43.574600 41.838900 -14.163800 -51.487600 47.082900 -78.279700 -46.246900 -70.823600 67.743200 -39.532800 -27.157400 -34.765400 97.645800 -67.313300 65.214100 53.292600 88.392400 11.082300 60.273100 9.436780 3.947140 -60.500200 -27.127200 73.457100 -6.698010 26.615100 -79.439200 65.941900 84.866800 -43.265700 34.165300 16.001900 -56.530600 90.606200 17.709100 36.330700 ; 
  9.357740 75.502300 -32.044500 27.725600 -16.475500 95.530500 -18.088500 -13.777600 40.446500 -15.341300 -41.545500 -55.067000 88.773600 18.006400 34.394100 61.161300 -62.606000 -18.635800 -11.545900 -51.237400 53.066100 81.214400 -29.956400 -77.856400 67.781900 10.918400 -95.277300 74.683300 1.839970 -75.658500 6.981660 -59.244900 70.784300 71.230700 -26.206700 -56.202600 2.512980 35.608300 67.893200 80.638000 82.310100 -13.844300 -81.643500 ; 
  17.359200 -43.404600 99.568700 51.644100 -17.415000 -93.366400 -9.890300 -26.200000 56.794500 -54.901800 65.250100 58.497900 -25.988300 15.042300 16.324600 -32.861400 98.866700 52.627000 -97.436500 -14.776000 60.252200 58.765300 69.196500 -14.808600 -88.398200 91.510700 20.415700 -73.276800 36.510900 39.463400 61.094100 9.249510 56.431900 50.317800 91.656300 67.201700 58.966400 48.567900 81.347100 0.488363 7.924330 -15.840400 -29.334700 ; 
  -27.520000 72.154100 94.059600 58.866500 -31.022600 3.862160 -88.649800 62.522700 18.747200 84.148700 87.346000 23.407000 2.010740 -5.575530 92.034400 22.268300 63.703200 59.427600 -0.980149 -73.362300 -0.062960 -58.161900 72.815400 9.094220 46.508300 65.495900 -11.099700 46.778100 -0.384766 -66.762200 -72.587800 16.663600 65.239500 79.668500 -11.832200 -64.327700 44.270200 48.870700 -30.957200 -98.035600 -84.671000 -65.930800 -98.542900 ; 
  -10.304500 12.861300 -40.581100 -47.294900 -85.465400 -17.121900 31.756800 -63.964700 -54.790100 -57.296300 21.727500 -25.336500 -30.380800 -10.073600 92.220300 -52.829900 87.600100 94.626100 -18.415900 83.317500 -82.688700 50.337700 26.556000 -72.998300 -82.570500 38.093100 30.756600 -73.177600 -96.494300 20.032100 79.026800 3.128830 -13.747600 -56.080000 63.185000 -48.926600 91.379700 18.263200 -49.953400 33.373000 99.943300 -53.099900 -50.762700 ; 
  30.499900 11.744300 -13.832400 -81.086500 -21.589400 -52.539100 -23.880600 38.316600 -13.098000 62.559700 41.571200 87.636700 -89.992700 92.635500 -74.682600 10.264300 -87.998300 12.209600 7.538940 -92.974900 -28.953100 -14.589900 -11.626300 -2.691710 -39.575400 56.419900 48.723100 88.694200 83.070500 -34.591700 16.959800 43.042000 6.446060 -60.998700 -4.380490 -22.825500 -27.432800 -62.524200 -43.711800 -63.385300 82.797300 -25.597800 -22.944600 ; 
  -30.437000 45.048800 -64.942200 -83.378500 57.173000 -93.946600 39.018700 -13.198100 -19.956300 -4.738900 -46.770900 -78.813700 -21.170200 -8.143040 -60.147300 -96.376600 -0.835670 -45.107600 77.005500 31.613200 -77.083200 62.223700 -6.378240 0.981339 93.371200 89.572100 38.728600 -87.888200 63.625000 -55.452600 8.769960 -3.365120 42.413100 36.242500 -71.826500 12.484600 29.340300 -78.181700 0.347673 43.346500 -75.157000 36.912700 -8.417930 ; 
  -80.178300 42.677900 87.787400 43.615900 52.485300 -79.423300 -66.748500 -41.979100 56.513900 29.421100 80.995700 94.478500 99.473000 42.113700 5.072010 45.218600 -11.041000 34.143500 49.122000 -6.040480 77.675500 92.014800 93.435600 -28.003400 -53.789800 -44.923000 -21.609400 10.764300 -84.756800 92.871500 91.306600 -10.207500 42.208000 -9.388540 6.795850 17.819300 89.179800 44.089000 4.142220 18.247600 87.686400 -55.283800 44.969500 ; 
  1.987640 6.244380 -50.719700 -46.107200 75.809900 -62.780800 42.337200 -39.281900 -11.154900 -80.595000 39.869700 89.552800 -86.129900 15.294000 46.790200 3.141530 -0.273997 -5.063060 -94.925700 -16.198200 -42.899200 -7.178650 -51.592600 83.163200 -75.431800 17.268300 28.603300 -64.652300 -11.282100 -18.031200 -50.836700 -13.175900 -47.709100 -46.613900 -39.710300 -10.859000 93.496200 -8.571880 -67.657400 81.924800 -90.025600 -59.959400 63.017600 ; 
  -63.598900 93.867000 22.431100 0.061713 37.217000 -94.244100 39.942500 -85.991400 -57.176600 32.525300 52.420000 22.629500 -66.279100 47.459700 55.076600 72.665600 90.872300 89.950000 -9.700000 -27.927600 21.147700 29.071300 1.071070 1.474980 -10.034100 -42.589900 -8.987150 -47.008500 -71.251200 80.500300 -30.975200 -0.804976 70.764400 -62.304100 54.183500 62.902500 1.570820 0.804905 -71.958700 -10.362300 40.444300 -52.912600 98.148700 ; 
  -13.976700 92.950300 15.606500 98.924200 18.776700 -20.565800 -48.961600 -98.262100 -91.310600 -57.169700 -51.026200 3.169760 74.218400 -10.966200 91.185100 -51.190000 49.510300 -81.005500 -58.827500 85.898700 99.483400 17.347700 -37.543900 -0.496392 57.142800 -0.857435 -10.904200 -67.674500 -5.540880 74.400800 54.314300 60.212000 -17.335900 35.369500 54.859700 27.465300 8.512040 61.810900 55.235500 -57.104000 53.274500 -14.923200 -14.819900 ; 
  -77.351800 -51.616000 90.000900 44.858100 -69.455300 64.036000 53.516000 42.617200 67.446500 -27.207500 -75.701000 93.847600 96.422200 -32.810900 -53.600100 -57.219400 -85.885300 -74.689700 89.926000 -13.028800 24.775600 3.110490 77.982700 54.597900 27.391200 -35.512800 -64.227900 -77.543400 -71.523600 -97.413800 -34.467600 -97.701000 -60.692200 -53.212900 50.112400 39.134900 -60.044700 29.375400 -87.168700 -44.658000 32.615300 -35.254700 74.506200 ; 
  25.913100 -77.758100 -80.908900 -36.548000 -61.531400 41.968200 -40.436700 -20.057600 91.690600 43.961300 57.341000 -70.576100 27.629100 -37.610900 73.785300 -91.075200 98.656100 -86.469700 -95.695300 49.558900 -63.243800 61.580000 -25.195800 -65.532200 0.450403 -30.082900 -2.637370 73.678900 -78.004400 -19.593200 97.398200 -27.656200 -18.514600 24.999100 -40.465500 96.465300 92.212900 22.940600 -38.018700 20.225900 -63.690000 -37.595400 -65.645200 ; 
  -98.264300 71.132200 -80.707400 -49.846300 32.916700 30.799500 47.690500 -66.519100 12.806700 41.917900 -85.274500 -8.596980 -89.387600 62.980500 -87.296300 10.761800 74.215800 -54.521500 57.086600 54.070900 -30.203900 -37.235100 -10.491300 73.200500 81.561100 -3.010080 9.551600 -66.258000 1.148970 -89.201600 -11.613800 7.634140 -93.056800 -6.151460 12.368400 75.432400 -7.756150 42.424400 27.360900 54.652400 -56.668400 -26.168200 -8.797530 ; 
  -60.114000 63.465500 65.456000 -80.716100 5.162360 -36.146500 86.600500 95.346400 87.640600 -25.079200 93.357900 66.980800 -53.811500 -9.977780 -96.507100 4.994750 -53.240200 -8.703800 -84.772300 31.304800 -59.418500 -46.801700 4.419000 70.216500 -71.962300 -69.708100 15.704400 -56.949700 45.928400 -81.384600 -30.767800 85.690700 3.549120 49.990500 -9.857110 -68.514800 71.271800 64.662900 -10.569400 -39.912400 -7.456260 82.668800 15.227400 ; 
  -73.011400 97.491300 -63.136900 58.871200 49.085000 -27.953500 -14.814000 21.813000 11.082500 62.796300 17.219700 11.103000 8.302320 -62.969800 65.898800 -39.513700 92.599900 -74.277900 10.931500 -74.063400 16.572700 -62.607100 -37.949700 -20.499400 65.948500 -3.729500 -81.774100 22.563500 25.439700 -34.566400 43.248000 69.594100 68.256400 -13.883000 68.060300 89.927300 8.132130 76.647200 8.780640 -23.790600 -49.345600 49.239200 -36.279500 ; 
  50.193600 4.078720 -48.871600 15.503300 -36.480800 66.401800 15.380300 96.355900 53.495100 92.839500 -45.688800 -91.388100 40.873100 -46.080300 -71.325100 39.792300 -11.299300 91.951700 32.270700 -26.237300 29.542300 -82.470300 -78.902500 85.024800 11.002100 -87.905100 -21.486600 75.540500 9.124520 -44.211000 -54.939000 40.668300 -88.377300 42.395000 -67.005800 33.496300 -26.934500 -87.321400 -10.329700 -11.245000 5.602050 -46.341500 -60.924300 ; 
  45.943000 -35.174800 16.509400 73.521600 78.049300 -25.487800 27.185600 -91.933300 76.399700 50.294100 93.244000 -48.056600 -87.807400 21.492200 19.252500 -23.434500 -64.126500 25.336800 36.111300 -77.957900 -38.003400 76.456500 4.571150 27.290100 64.483900 -18.571800 63.517100 -68.199300 -26.334900 -10.334100 -84.603100 75.606200 -86.147500 -80.340800 -87.926700 16.579900 57.912700 -61.242500 96.978100 -88.940000 -14.487100 -85.472000 72.017600 ; 
  -1.012280 -13.353600 -33.908800 94.785800 64.853200 -12.325200 50.904800 -43.662300 -32.650700 40.242400 -45.310300 70.498500 67.638400 -0.742900 -85.927300 19.312300 -18.251700 44.308700 97.135100 -50.735100 95.286100 72.676300 70.557900 66.028000 -67.107700 -79.548800 24.151400 -86.969800 98.414700 56.509600 -43.852500 -28.392000 15.209900 33.477800 62.130200 21.585900 -5.296250 -14.066200 -10.526500 80.353100 94.109200 93.833600 62.058400 ; 
  15.508000 42.784600 81.120100 -13.916500 -95.108000 -79.924300 -88.521300 22.184200 50.464400 -45.128600 -76.430200 37.715800 88.808600 5.726080 38.287100 91.710400 -22.679200 30.504200 84.759600 -45.191700 63.206300 -91.048600 -53.874300 -66.047700 -63.640900 -12.608400 90.448400 -34.525400 -68.081600 -46.891100 -99.264500 62.365400 -24.757700 96.985400 33.273500 26.997400 -55.002700 -30.982400 79.060300 -34.283600 -3.999840 -25.341500 85.808200 ; 
  -21.939300 65.946000 -45.362700 -10.191900 -95.508400 -9.802060 56.837500 67.960400 11.053700 -20.491400 0.956490 75.731100 12.275900 -79.200700 73.392000 98.981500 -18.304400 -42.494000 2.975690 12.449100 32.297900 30.112000 92.738700 59.382600 43.369800 -83.575500 -54.010500 46.030600 37.062300 -94.472300 4.132510 55.125700 98.183200 -34.772200 -16.270200 -52.434800 -72.492600 17.162400 48.145000 -27.458400 -92.933800 61.936900 -26.958400 ; 
  -89.477800 -53.265900 -39.604900 -39.696800 15.717600 -34.921900 67.747800 37.121800 -93.445200 66.002300 -99.502100 68.116800 39.068700 27.081600 -39.024700 -88.200400 16.373100 -17.815500 -24.338300 -53.514300 -14.047800 98.095400 88.875600 -67.857500 -80.324100 -7.808380 -35.522000 -18.637400 -39.180800 88.832700 10.673400 -12.401400 -31.071700 -22.743300 -46.757900 -60.396900 -90.886300 74.067700 56.004400 65.131700 68.344500 66.632800 97.750900 ; 
  99.848000 -54.681900 -38.498100 -38.149800 15.667600 -75.082600 86.190600 5.784190 14.892800 -96.933900 31.845600 28.566200 -88.287100 -42.084900 78.596000 -36.218900 68.831600 52.279400 59.596600 39.963700 70.197600 11.714700 88.585800 62.034000 5.478240 72.833600 -86.193900 -61.248100 3.110200 73.136600 6.399510 -43.424300 -31.674500 46.298700 -57.071600 -1.549980 -50.446500 -54.802100 -59.542200 74.821500 -75.830500 -83.629900 32.084000 ; 
  36.510900 39.015700 -62.867300 -11.374900 21.644300 -23.968200 -32.809200 -23.750300 27.904600 -7.186480 16.913400 64.169500 97.307800 52.941800 -6.859380 -85.525500 -26.697000 -95.685200 18.530200 37.602200 -19.513800 31.152400 -20.876500 -70.716800 63.181200 86.599800 83.081000 -58.381000 -9.740180 96.871200 -85.833700 -6.648320 61.699700 -13.291400 11.667500 96.053200 -33.159600 85.889400 -57.585600 -40.830100 -31.876100 58.276000 44.901700 ; 
  63.440300 41.284000 60.549700 59.031100 -64.266400 74.420700 -10.842300 -27.060100 0.768883 -77.386300 -31.654800 -22.706900 -34.627800 9.857360 72.662800 43.755900 6.157860 95.139300 6.548210 55.825000 50.977800 -16.927500 -99.893500 89.743500 -80.762100 31.805900 -37.451600 -48.827900 -50.519500 -80.710500 98.091100 17.242400 -6.924780 15.282900 59.264100 52.507400 91.722000 -29.144100 -24.147900 -53.470000 -69.539400 51.113400 63.086400 ; 
  93.622200 -92.010100 -14.539500 34.138200 -40.078200 5.172940 -58.423700 73.001300 -67.876100 6.566310 -40.098600 62.352900 -34.465300 -58.047900 -11.334800 96.712500 46.870800 -42.380000 -81.431200 -14.372100 48.805800 78.511800 -52.358200 16.371100 -50.503100 -5.064240 85.297100 -12.188800 -57.548400 -16.062000 45.598500 -26.700600 42.823000 -73.871200 46.585700 -33.600300 78.968100 16.796600 99.733600 23.100800 54.739200 0.997548 -34.203900 ; 
  -64.175500 2.146790 81.093900 -54.714900 7.280660 -34.002100 -72.981500 -0.714739 -12.619800 98.588000 -30.786600 -30.313000 -71.415200 -74.982700 -34.503800 95.293600 -0.002761 -46.397100 4.530550 -55.031600 84.422900 95.986400 44.255700 5.401700 -13.701000 -72.882700 60.105000 -15.366000 -56.078500 88.138600 -53.842800 63.389000 -21.656100 25.106400 -37.157300 96.997600 39.163300 17.897600 5.329310 -30.231800 93.328300 -31.177000 8.127840 ; 
  4.538120 72.215800 -68.987200 -68.201000 -54.979400 -38.638700 -0.082339 16.123400 -14.236400 -70.962800 -71.222000 -28.283900 33.067300 -37.241700 79.374500 47.138200 52.346100 -19.396500 2.433290 96.280100 -20.099300 -9.270330 -6.495970 22.263900 -10.991700 62.777500 -98.175200 -30.221400 69.423200 -4.636220 78.998300 -75.763600 41.611000 -43.503000 45.072700 -63.076900 66.351900 -22.985100 89.567300 -41.981600 15.517800 8.179280 69.197000 ; 
  -6.642580 -41.870000 90.103900 -24.036600 16.058700 98.526000 -74.184100 -11.460300 -12.880600 -85.000500 -3.614520 50.698900 96.443800 -68.493500 30.437900 -29.471200 77.755700 40.211800 40.049600 -86.144000 -22.654200 50.802200 32.288700 76.305100 59.511000 1.348700 67.517200 -38.432100 72.476100 -93.585000 -83.899500 -99.158400 45.464300 -81.101900 -80.127200 -98.140100 -41.215100 98.128600 47.427900 -78.993300 -39.689700 -65.193300 96.677600 ; 
  60.572400 40.989200 -94.053900 36.565100 -49.803900 -54.805400 84.898400 88.063400 81.987200 -40.916400 -82.534300 45.247200 69.285200 76.507600 63.440000 36.776000 94.783700 30.365500 -46.742400 0.491978 68.666300 75.241000 -25.308000 47.883900 -14.762900 80.096500 -18.458200 -26.182000 -40.872900 49.854200 98.846500 -86.905900 -27.607000 8.410180 -50.151100 -88.848800 -80.975800 39.197200 -12.183000 39.677000 51.572500 -20.605000 92.158200 ; 
  -96.340100 12.308700 72.444000 -32.995600 42.358500 -80.295700 69.341900 28.807700 -28.959200 83.412200 -91.004000 95.386300 -43.284700 -85.878400 41.231300 -24.971100 -89.238600 -32.930400 -61.675900 13.866900 60.635500 -99.968400 31.131900 33.069700 1.827570 -83.987100 28.906600 33.804600 -45.347400 46.691400 -56.995700 72.567300 38.387600 -19.559400 64.634700 -84.462300 41.785300 85.800600 50.260800 -67.211700 -26.910900 -91.656100 -64.835000 ; 
  -81.939300 46.481500 14.452800 -91.675800 5.333620 42.132300 -81.975000 46.753100 -21.022400 76.968700 12.644400 -85.056800 50.744100 55.448300 -81.184200 -63.173500 43.782800 57.546800 -10.314400 45.747900 85.643700 14.502400 -58.272300 17.164500 83.834800 11.163100 18.456500 -1.731530 98.197700 8.203700 79.593000 -80.723000 87.773100 2.261630 11.251900 -89.712300 5.293170 -37.706800 61.750400 39.319500 43.538100 -55.662600 79.132200 ; 
  -25.053200 -68.659600 37.296000 33.471300 -47.835000 36.739800 86.563700 76.390200 90.127500 -27.590300 89.024600 37.242800 -60.021400 19.504300 8.494640 -30.557200 24.391400 -54.004200 -47.973700 -94.057800 -29.351700 86.329200 -65.071100 -49.972700 -90.717000 -79.863700 -69.492000 47.274300 -60.801300 -88.161600 68.610200 -69.012100 -85.755100 -85.360000 -44.909500 6.349250 -88.080500 31.462800 -4.735970 2.630690 14.012700 -89.255500 83.219700 ; 
  73.208700 17.799400 -45.809200 84.758200 -68.221600 0.110950 64.730300 -77.752500 13.079500 27.057400 -46.096100 63.132500 67.870800 -95.397200 59.895600 66.119100 63.737900 43.349800 -19.221900 -62.515500 -97.180200 92.314500 -69.876300 -10.907900 71.488000 98.616800 51.989300 -16.621200 47.368700 -74.674900 -61.250200 -32.130400 -15.215900 66.754700 -53.238300 24.008900 -83.125500 -89.569400 6.402910 13.697300 10.026000 -92.696700 46.781300 ; 
  53.409000 45.070800 -94.966200 -97.519600 -12.430900 73.739800 -55.367100 44.417200 -79.813900 -32.978400 -67.777800 58.456200 72.538900 -37.986300 -35.340600 31.004400 91.037800 72.132000 -78.161000 -52.030000 -69.025100 95.317900 8.092310 7.412760 -13.791000 13.987400 86.143600 16.214700 -80.094300 55.652200 -53.633600 -20.393900 39.032800 24.172600 68.543000 2.441140 28.270300 -61.609800 -76.632600 36.248900 35.169400 91.893900 60.821100 ; 
  19.501900 -32.196200 78.174600 81.200200 -67.770100 -11.394500 93.340600 -23.720300 -67.106700 -62.944300 94.722800 5.281760 -29.465400 -24.519500 99.957200 -18.534300 94.593200 28.732500 -93.421800 59.593500 -11.521300 -37.987900 -62.336900 -95.442000 -93.960600 4.366900 -5.469740 70.152600 55.275700 19.363500 43.070000 77.737500 -65.857100 -60.846400 -45.721200 -36.823400 -90.658200 -92.194700 83.680900 25.482500 85.087100 58.558500 -7.577280 ; 
  48.647100 12.238400 90.745200 -44.704700 48.123500 11.475200 63.825300 -87.360500 -67.334600 -92.868900 -47.743400 -24.156100 8.136360 -52.247100 82.201000 -47.196400 -29.437000 52.698000 95.512000 69.349800 -38.422600 30.694000 74.340100 33.294000 -28.091400 67.935800 -2.191120 -26.165800 30.976100 14.925300 49.712900 -74.573500 42.384500 -44.252700 44.593200 77.091700 79.680900 -3.062270 -67.521400 -32.639200 32.869700 41.654200 82.051500 ; 
  39.875400 -13.835400 68.942100 -90.366700 7.478730 95.027000 -80.494300 -67.502700 82.685200 90.354000 -19.914600 95.866700 31.870800 51.781800 96.529400 -30.924000 59.669900 71.804500 18.207800 18.128000 76.480100 0.687176 -50.638600 -83.343800 40.555200 11.704200 -86.901700 42.825600 -30.419200 -55.614500 87.148500 -95.499500 -59.501300 -38.863900 14.810000 -88.352800 54.642800 -19.245600 -60.641300 1.844510 0.695522 89.642800 26.278400 ; 
  61.471300 -51.601100 -60.384900 -88.926800 6.690740 51.343600 -68.214000 -73.094000 -91.564000 84.072300 3.866790 -10.929300 -88.318400 32.959800 -44.851200 -14.326200 19.502800 -16.723500 -71.618200 -87.077800 83.540800 69.433900 -24.348000 -16.514000 48.438500 -93.950000 -17.422000 -11.111000 56.702200 -6.030280 49.019800 75.118200 -88.124500 91.064800 -74.107700 72.335100 -64.417700 -68.216400 87.315500 -88.619100 -21.010500 76.309400 -67.276400 ; 
  84.741700 53.064200 50.092000 96.875200 -17.980600 -0.332676 8.722060 -8.377640 -2.937560 28.406900 34.254000 -92.788300 -93.606300 -40.360900 54.435300 94.338600 -51.740500 -3.275840 -57.032500 55.285900 -10.038800 77.468400 11.429600 97.988500 92.841200 -17.169500 32.311900 66.667200 75.000400 -67.511900 -72.932700 19.282100 74.980000 -11.626400 -5.324500 -88.887300 70.789500 -41.181300 65.795500 25.200200 -60.400600 46.869000 -72.269000 ; 
  -24.244100 -71.097500 63.952000 40.432100 -57.490700 -47.018200 -34.856800 -38.038100 93.127500 -6.622760 91.326700 -72.718800 14.708400 3.315150 -82.215300 6.631000 47.212600 -97.970600 8.463010 37.860100 -85.254900 -78.698300 -82.234200 89.642700 24.794500 -78.093300 85.629800 -20.449900 98.405000 92.029000 -68.315600 19.035700 -67.692600 90.662900 -27.921500 -77.477400 38.041100 -43.190500 96.633800 -76.007900 -64.249400 -40.073300 87.669100 ; 
  55.093600 -42.418500 71.434500 -0.537580 -35.107400 -49.756500 -57.257700 69.506700 -0.457226 -84.589100 -89.034500 -2.859740 -63.728600 -85.969400 -87.396300 -70.060500 92.683100 -75.937400 -79.845800 31.095300 19.103500 72.808200 87.455200 59.897500 96.457200 -43.180100 71.820800 92.149500 -43.596300 76.209700 56.064800 81.312200 13.679700 -84.970200 -93.930100 -82.386100 -62.553500 62.697900 -35.992800 68.579200 11.342100 26.033200 -60.816700 ; 
]
[ 
  54.011200 ; 
  -33.359800 ; 
  -77.383300 ; 
  19.488900 ; 
  -49.568900 ; 
  95.031600 ; 
  -3.260550 ; 
  0.005846 ; 
  98.246800 ; 
  33.315900 ; 
  -59.708900 ; 
  72.701100 ; 
  86.961400 ; 
  -39.646300 ; 
  65.180700 ; 
  92.450300 ; 
  11.571400 ; 
  80.330600 ; 
  -83.370600 ; 
  -10.456500 ; 
  57.279400 ; 
  94.075100 ; 
  -80.056800 ; 
  85.437000 ; 
  -60.436900 ; 
  37.641000 ; 
  31.688600 ; 
  -9.339760 ; 
  26.683200 ; 
  63.890100 ; 
  0.490775 ; 
  48.449300 ; 
  86.826600 ; 
  95.023700 ; 
  62.863100 ; 
  -59.090600 ; 
  64.726400 ; 
  55.889200 ; 
  -69.518600 ; 
  0.651584 ; 
  -48.834600 ; 
  36.279900 ; 
  -43.278200 ; 
]
solution:
x[0] = 2.197922
x[1] = 3.318695
x[2] = 1.014890
x[3] = -1.757639
x[4] = -0.434254
x[5] = 0.014336
x[6] = 0.994084
x[7] = -2.508141
x[8] = -0.463721
x[9] = 1.830837
x[10] = 2.543094
x[11] = -1.400915
x[12] = 2.027266
x[13] = -2.672806
x[14] = -1.931553
x[15] = -0.173996
x[16] = -0.148680
x[17] = -1.894493
x[18] = 0.039402
x[19] = -1.316615
x[20] = 1.170865
x[21] = -0.724298
x[22] = 0.438304
x[23] = 1.647563
x[24] = -2.585045
x[25] = 1.518722
x[26] = 0.617285
x[27] = -0.652014
x[28] = -1.717138
x[29] = -0.097353
x[30] = 1.311534
x[31] = -0.938777
x[32] = -1.128685
x[33] = -1.248595
x[34] = 0.949080
x[35] = -1.243888
x[36] = -1.988478
x[37] = 0.087853
x[38] = 0.765402
x[39] = 0.770417
x[40] = -1.371884
x[41] = -0.328077
x[42] = -0.879593
