[ 
  19.656100 -40.730400 44.277000 -35.635600 72.182400 -30.296000 15.325800 -19.808300 82.169800 27.097000 19.488100 -63.520200 15.770500 54.692100 10.280700 -12.630600 -83.329700 78.558200 -71.543200 -26.811600 -23.202600 34.377400 -19.174600 -67.254600 52.086400 15.918700 -54.021200 66.387300 -28.711700 43.204200 -67.535600 -70.934900 -3.396090 -78.074900 -5.435260 49.584100 -39.348900 63.876500 -27.492900 -73.626900 ; 
  -47.330000 -75.049300 46.683900 16.019900 45.647100 -9.086080 90.320100 9.654250 58.947700 -66.521700 -30.003600 -69.783200 -46.386900 -24.818600 73.823800 -43.768700 -21.347000 20.760600 -77.124100 -24.662300 -99.277300 46.515700 -10.647200 53.320300 -45.635000 13.143000 94.430200 87.911300 -74.058000 -93.297300 -47.131300 64.061800 86.149800 -79.992000 -25.947900 93.435100 -35.584100 -61.291400 75.761900 -70.127200 ; 
  -27.581900 31.375300 -74.543800 -57.058200 23.293800 98.669000 -69.500800 -99.902100 -55.214900 2.633490 61.149300 -63.465000 -57.045800 31.223200 -31.683100 -98.421800 25.072800 -1.804810 66.504000 -66.896000 78.559800 -45.994800 -34.856000 -25.188800 51.868000 -53.804800 -96.886700 24.531600 -98.099500 41.166100 77.876800 75.470100 26.009100 -64.259800 -13.737300 -83.234700 75.236200 94.614100 -20.456800 -17.298500 ; 
  63.676700 13.722100 27.215300 8.022960 41.844100 73.881300 -77.678600 55.836500 43.974500 78.620600 -23.769200 -89.733300 52.759100 -78.451000 73.375300 19.317100 62.989200 59.164800 -17.378400 -78.905700 32.317300 -43.385900 12.492000 -46.665000 -98.696600 6.588270 -70.883400 62.738800 51.093500 -71.154300 -90.696000 71.494900 14.276400 -56.270000 69.951300 70.748300 66.113000 -38.602800 2.616970 -16.657100 ; 
  44.899500 25.316500 94.410400 -44.095800 82.508500 -80.033300 80.432300 25.423200 87.131100 12.116800 46.579000 53.025300 -3.738500 -33.021800 2.192560 50.346200 -31.825800 -96.721900 -4.265350 -87.769700 53.917600 -6.701030 -24.163900 77.083800 -52.509600 71.080900 56.344600 -16.827400 -18.877100 -66.586600 79.665800 -56.738400 -1.848510 -67.947500 6.143700 57.188000 -42.054900 -17.269900 -55.903200 34.539700 ; 
  -91.202800 -45.358900 52.159200 39.742200 -53.321200 30.708500 -82.012500 15.099300 -25.442900 -19.617200 94.337100 -76.360700 5.150220 -40.255000 33.700900 10.785700 75.660100 18.476000 -74.637800 -37.792200 25.918500 11.476600 86.643900 24.214600 -24.457200 -52.544300 88.413900 -26.752500 -28.580600 45.721400 38.801900 -56.589000 -90.779800 63.072400 58.075100 67.795200 34.320500 24.577700 77.484300 78.125700 ; 
  58.579900 -46.836400 19.916000 -71.645700 51.276000 -4.430660 -66.101100 38.970400 -24.780000 -78.126200 -67.682000 68.388800 11.094300 61.542200 -59.573100 -45.103000 -46.787600 41.363900 3.060050 30.288300 54.765900 50.370500 -23.791800 -68.906800 83.691500 3.778190 -99.946100 5.645540 84.538100 32.189500 9.045810 32.965100 43.956200 -28.736600 24.214800 -21.946500 -55.221800 86.601300 -91.790100 83.149200 ; 
  87.828300 -69.285200 -76.787800 27.507100 -87.446600 85.541500 96.567400 8.003530 -84.689200 27.976800 5.947720 -36.697600 22.741700 19.656800 -28.655900 -19.223400 -87.744500 77.605900 -77.002100 25.558400 -39.374400 34.654900 45.591900 63.688000 3.484940 -28.650700 68.028100 -51.867200 67.979900 -61.871400 -72.172000 5.218470 -93.145700 -98.998500 -68.261200 -66.234000 5.910010 -70.489500 82.197400 91.696900 ; 
  -50.179200 37.463400 47.011900 -70.686500 -27.957700 -84.260500 34.403700 22.816500 76.715700 -39.584800 98.659000 -37.395200 98.851500 -2.828790 56.543400 -74.734500 -63.513800 -76.970700 -46.228900 30.100300 95.697300 -14.894400 70.415000 65.513100 78.360100 -1.819860 13.577700 0.096998 30.241300 65.961800 19.779100 26.994800 -98.403100 -60.632800 -54.693400 -32.725100 -11.438200 -41.613300 4.593420 1.659760 ; 
  95.657100 -91.347800 -82.612400 -67.058100 -45.032400 -59.344200 1.809460 11.601600 -12.285900 -88.565300 82.581400 -54.668100 -5.923480 43.992900 -12.093800 -60.842300 23.631400 -27.867500 30.343900 -9.915670 -52.721500 -89.583700 -33.750800 -49.639500 -90.406600 -63.724800 -22.452100 46.984700 71.613300 5.423720 -43.592000 -50.881400 35.791600 -50.627300 -93.421300 68.060100 86.057900 -24.150300 -94.624100 52.155400 ; 
  -23.912800 97.232700 -9.619030 -66.995500 6.050570 91.911000 -52.298700 16.048900 -65.748000 -26.049600 -16.052100 12.580300 37.239700 86.856300 -6.386520 61.809700 35.807300 13.490700 -61.377300 31.989300 43.790000 -21.635900 -35.171300 76.227700 -40.539700 48.899800 58.478900 54.313900 54.242000 45.639300 59.629700 -3.460900 32.616600 -13.555300 -23.822400 17.229500 -24.402400 69.533500 49.692100 -25.628500 ; 
  62.282200 -23.221900 -90.534300 -10.449300 -22.205500 -8.140410 -15.942400 55.358400 9.145150 -97.432400 52.915900 -43.110600 40.318100 25.917500 -4.418790 -66.603800 -10.194700 57.124800 97.196500 -17.693500 25.632000 -2.820570 -5.278900 77.530200 50.691700 -25.431500 -27.545500 42.118600 87.214400 13.227800 -79.821400 42.468100 -39.061000 -98.004500 39.149400 -15.462800 -83.207300 -65.244800 30.614700 -58.448400 ; 
  58.277300 65.807500 27.180000 14.220700 6.782110 -13.124300 19.512100 -60.000400 -27.410600 -90.500800 -47.567500 -66.636900 33.358200 51.925600 -85.606200 16.576900 7.819240 17.990700 -30.447100 75.025600 -44.466900 44.360000 -41.753000 57.480900 82.071200 -29.258600 51.388600 88.422100 -89.119500 -31.345900 -30.203600 -31.708100 81.494700 81.679100 -19.715800 37.213000 38.529000 -43.350100 15.412000 29.920200 ; 
  68.509400 36.801300 -81.214900 21.576000 27.192800 30.039100 66.520400 8.119460 63.820000 22.785000 -52.680300 2.426970 -9.908060 75.191200 -62.281900 28.514100 36.386700 -49.231800 -38.575300 65.346400 76.144200 -43.788900 39.176400 37.662100 -13.579600 -32.784600 -10.967300 72.849500 -17.920100 17.361400 -6.534530 -25.911300 -91.683000 83.356500 -26.911000 -93.163500 0.986998 -11.524300 -89.533900 3.482880 ; 
  -63.215100 -55.459500 92.787900 85.537300 24.901300 -83.522500 37.375400 -31.281200 56.354700 -45.966800 35.191000 55.444400 54.155900 -2.071530 -16.268100 -18.113100 -26.676500 48.742300 12.433500 -30.015400 -69.318100 -28.603200 66.371000 96.980400 -51.040000 -29.594300 8.861260 -68.853600 -22.388400 -81.597900 -15.650300 -34.936300 25.628100 -68.507300 -1.934790 82.061100 0.134417 59.144900 48.003600 -3.345290 ; 
  -24.354200 78.493600 42.703000 -90.468300 99.328200 9.845630 75.425800 81.034300 -56.930000 -22.025400 19.737800 -66.005200 51.377800 -93.976100 -56.194800 -66.742800 53.281900 -91.836400 -93.718200 78.671400 30.738800 26.897100 59.773300 10.632800 -94.788800 83.949800 -55.269700 81.319600 -62.040700 82.490400 16.344300 98.248800 68.069700 46.993100 13.694800 -31.262800 -33.451800 -24.656500 -1.226970 -21.766900 ; 
  -36.049600 -86.096900 -31.131200 -22.378800 78.791000 40.857200 87.173600 -73.758300 -56.404100 16.254300 -13.801000 46.323100 -47.891700 83.397300 58.129500 -16.874900 -16.282300 -57.207100 -79.796700 57.270300 -57.366700 37.435100 -28.668500 -32.219600 85.043600 -72.358700 67.927600 58.638800 -57.422100 -93.984300 6.549420 76.143800 -50.616700 85.610000 47.579000 60.045300 -18.922500 -30.961400 31.126300 -59.499100 ; 
  -0.823027 -32.617000 6.876270 -30.526000 -50.811400 12.379800 66.906100 90.538300 77.753000 -5.431570 -88.330800 23.616900 -70.223600 -47.726400 62.314000 -87.896700 -79.517800 -55.290100 -61.451900 -22.548000 36.194200 -83.483600 91.551900 -87.413900 33.936800 -24.309900 24.050800 21.784700 -65.144300 -80.074400 -11.030600 9.225600 54.673000 89.501300 48.046700 -78.670500 -14.398900 -2.303030 93.018300 -40.887400 ; 
  6.227110 59.039400 75.019500 52.436300 97.076800 -30.662300 59.293100 -60.747200 21.379900 -67.340800 3.506830 -60.673600 59.135900 96.929600 96.422600 -25.009600 63.267100 -69.834200 96.566200 -12.307500 -51.557000 81.044600 -82.874600 -74.232200 -20.138700 -70.531200 -18.369100 70.744200 -2.748080 13.014400 -66.370900 -95.707800 39.084400 91.019700 -32.349800 96.806400 25.152100 -68.947500 -0.946717 88.531900 ; 
  -44.563200 25.945100 59.036900 32.904200 21.290800 33.717000 81.247800 -67.764900 76.079300 64.891200 25.844800 -26.312300 -30.085200 -42.243500 13.548300 -94.297900 -64.450800 -24.483400 -92.514600 -92.499400 -37.787100 -87.856900 -10.403900 -58.400400 64.448100 -21.249200 64.603300 -11.640300 -38.393800 -84.218200 -55.705500 -42.110000 57.465400 20.631300 -49.071500 55.600700 80.765200 21.314800 37.034800 44.391800 ; 
  92.424900 -14.942300 65.490200 93.385700 -66.696000 41.142100 75.297800 -70.506600 -5.038180 -76.665700 78.890900 -81.028300 -43.368300 -91.783900 -12.417300 -98.234200 -22.986900 58.842600 -33.030300 60.144000 39.491400 -68.423700 3.383730 70.375600 2.998400 -5.866680 -1.312190 -53.929800 1.022480 -15.216000 63.927800 35.312600 99.366500 52.446900 74.904400 -81.655200 21.181900 4.090290 -54.558500 35.707300 ; 
  -67.541400 31.877200 -39.649300 15.034000 77.226500 -53.970000 -74.524700 63.832400 30.453000 23.605400 -63.711800 -3.847550 -65.824500 88.351800 -70.821400 -95.670100 73.319200 76.602800 62.871300 77.927200 -76.909100 -10.614000 10.071000 63.230400 -86.567800 55.784900 -22.907100 0.747141 -42.797900 95.324300 -84.079100 82.442700 14.096000 -87.955000 -59.966200 -51.699800 81.810100 -17.824700 20.527400 4.449170 ; 
  -22.744400 -64.819600 -23.304400 -76.848900 1.293260 -64.226100 -48.878500 98.779200 -17.360800 17.505500 15.582700 99.223700 52.398400 60.024400 30.150900 -53.844000 44.084400 -72.764400 49.018600 56.427300 -26.670200 -45.565700 -22.352700 -82.381300 17.253500 -20.168800 22.598700 15.704500 -54.584600 -3.352020 62.543800 -26.697900 87.949800 -26.984800 66.873500 -56.939700 14.859000 -64.535100 -41.009300 -42.941800 ; 
  77.815200 40.235500 38.775000 90.625800 -51.667500 23.883200 5.072800 58.595400 13.346500 -85.239800 -26.072500 -0.278294 -77.283200 -99.327100 9.009660 25.413400 -76.692000 36.827800 -35.146300 96.733900 5.894540 69.498100 54.877000 -81.680300 -0.052083 -75.358300 53.548200 -15.153100 -78.900300 -77.033000 -93.801000 86.696900 -85.647000 -68.892500 -76.740200 28.088400 81.208400 69.643800 -97.217800 60.466700 ; 
  63.566000 -46.505700 -21.342600 94.685300 -23.792400 -79.031000 -73.591200 -47.266600 -9.756770 17.947200 38.934700 -24.726000 29.648100 95.134500 -74.774000 72.976000 -92.804100 41.281700 22.296000 -71.369800 88.039800 84.305900 -70.545400 -55.771000 56.093700 -32.349400 -96.627300 -14.643700 83.917800 6.513970 80.244100 62.194100 96.378100 26.534300 -37.411300 28.630400 -8.040010 71.584000 -87.839500 82.080000 ; 
  -80.797000 44.307000 68.021000 28.693000 43.487500 94.185500 -23.565300 -62.145100 -73.080000 -56.295500 41.521700 55.457300 70.686500 27.605500 -34.940000 -36.643200 -62.072400 -51.241400 -13.578600 -15.666800 88.482900 -67.189800 -58.351500 85.863100 -99.002200 70.073300 -78.774300 40.455400 -66.609000 -97.419600 68.476000 75.880700 -73.413800 -65.228900 97.047800 82.473400 -69.739300 92.248600 22.243200 41.800800 ; 
  -53.348100 -21.568000 -92.944000 90.256100 -66.186600 1.053470 -94.289800 71.721800 27.800100 35.607400 52.875900 85.930100 26.817900 -71.717500 44.581300 78.472500 87.385800 93.950000 17.700600 93.856300 42.847300 -66.025000 -82.506100 -80.171200 -37.087100 76.519100 57.059700 2.732020 -82.908300 -40.560800 95.050800 -80.613800 -75.755300 -18.982600 -39.805500 -10.686200 -3.467040 -70.508400 -34.374500 67.089200 ; 
  -32.098800 -85.182800 -68.081100 -38.398000 45.543200 45.261000 -97.634600 55.991400 47.782500 79.814900 48.988000 -58.522800 7.790930 -57.829100 66.647100 -61.747900 3.462520 -5.372960 96.595800 85.948900 -56.120200 -12.844200 -72.605900 -87.383000 -46.292100 -31.493500 89.192700 61.266100 98.840500 12.575300 -46.342800 -84.106000 31.014600 61.860800 94.818600 16.964400 -79.060600 28.359000 29.894200 32.112600 ; 
  -83.958000 -82.859400 -18.050100 32.588200 -90.398800 68.129200 47.279800 32.089800 -66.154100 -51.820700 49.403700 -71.414200 -58.777400 -72.359600 51.673800 80.960400 -98.555300 -18.578200 -44.449200 -58.294300 47.124400 19.366000 84.803300 89.839000 -76.037100 45.117100 82.295500 -58.858200 -29.946700 86.021500 -36.164600 -18.119100 71.565100 -5.579100 32.034300 0.969302 91.061100 64.056200 -7.729050 97.931600 ; 
  -62.908700 93.372700 -85.150300 79.476800 -33.818500 11.821000 76.170800 3.149960 -58.663700 39.675600 27.774100 -0.711162 47.494500 40.338800 -26.306800 61.350300 -86.264600 -49.472500 -84.806600 55.183900 75.690500 -70.263300 83.987800 -17.877700 -70.753600 44.367400 83.074500 32.586700 84.718100 56.885600 75.718400 -0.139603 53.691300 -10.657700 75.750900 -53.895000 -13.770200 -34.953000 -54.831400 48.547000 ; 
  -69.776700 62.853600 -20.371700 12.911000 -5.227360 -56.247200 53.083300 -28.371000 -30.944300 -80.044600 89.957200 -88.649500 67.041600 -31.333900 -29.338300 -88.067900 43.209900 29.044900 -42.014100 68.521900 48.013100 -44.618700 93.527100 -89.966900 -73.971400 -38.126300 10.586200 -78.292900 -69.251400 91.441000 49.692600 -16.391800 -96.820200 -57.820600 8.351370 -38.555800 -6.573810 -86.084400 -19.803600 -39.023400 ; 
  -66.299100 -88.280600 68.118200 62.190900 42.322900 -78.660800 -52.250600 23.899300 75.204600 -35.724100 -15.594700 99.253600 -45.212900 -92.586700 95.872200 -76.305600 -67.965000 -88.467400 -72.386200 4.559550 32.354000 -26.128000 66.305100 -10.508800 -21.441900 25.835700 21.183100 24.575000 32.448200 -42.922400 3.313910 96.844400 64.125000 -50.387500 -62.263600 -63.557400 -9.338840 42.170000 -49.134700 -7.697670 ; 
  25.330300 -73.364000 -28.538400 -45.250300 78.411200 56.454200 26.191700 4.392320 21.768600 65.392300 47.572200 -53.394800 -6.546550 -27.864500 80.924200 92.501500 73.354800 74.488900 -65.648800 39.789900 -50.460900 -96.832600 -65.640500 -19.767400 -31.160300 89.553100 -80.753200 -18.245500 -52.353400 95.782200 10.818100 19.897900 24.725600 -36.137700 33.731600 -73.159100 14.334600 -77.789100 -2.239050 -31.691800 ; 
  -43.253400 39.380500 68.344800 70.622700 -44.284700 -92.558700 -34.844600 -33.760500 -12.756600 -0.987080 10.150000 -8.501680 -87.777500 -75.748100 -98.467400 57.979000 53.428100 -33.545600 -0.926367 30.552100 88.316400 -65.869700 -71.547900 93.946400 -43.307500 -69.509800 -51.760300 64.466600 90.324800 89.179600 40.720500 -9.721800 5.716940 84.669600 41.697200 4.935680 -46.015200 22.870200 -19.892800 62.070400 ; 
  16.515800 -19.587400 -5.147800 80.881700 -21.042600 -63.558200 -22.825200 -23.746500 91.774000 46.395000 -39.173200 16.166100 -95.821100 -64.930400 -85.155400 -6.344060 -24.588200 -53.900000 -97.715800 90.731400 -77.517300 -32.768000 68.834800 -93.379000 -20.925200 -90.042200 61.523600 27.750900 9.800180 -88.377800 34.753300 99.497900 60.459800 -52.923300 -81.252000 -2.079230 54.391700 -37.907500 88.647900 -95.067900 ; 
  -5.485410 6.679480 61.945500 -82.687100 78.108800 -24.756500 -83.073000 -8.442350 -90.641700 -14.466600 59.938500 -12.933000 35.398500 -56.701300 21.900600 83.307000 -58.645900 -61.138000 54.339200 79.545700 -75.262300 66.290600 -54.531900 82.938900 -45.868200 93.529800 -44.780600 -27.397800 -75.238100 72.987800 -93.371000 -86.493200 -91.762800 -56.978100 -30.663100 46.083800 -70.226100 -89.282900 22.966600 -1.036470 ; 
  -19.988300 57.232600 -90.939500 -20.051200 0.320608 -11.539300 59.213000 -6.744990 36.884400 -84.104700 53.058300 -48.805100 -67.230900 50.926000 -86.859700 -51.196800 -64.239800 -77.525900 22.298600 -26.848700 -46.098600 20.741800 6.595110 43.935700 27.321100 -14.345600 93.201100 30.890600 -22.074300 -3.568020 32.218200 91.662000 -36.714000 -51.608500 15.108500 -70.983300 -16.137900 -30.145100 -49.087100 -7.205660 ; 
  94.454500 96.837600 -50.935100 -66.333600 -69.468300 45.663100 59.843600 -8.203740 -80.264500 -5.219180 81.290300 45.557000 77.319200 -96.985900 -41.721200 -8.885900 54.618000 -35.970000 51.983700 89.737800 24.041100 58.766100 81.651400 -85.572600 -18.088500 -12.669400 66.197300 -21.627700 -96.686800 -15.226200 93.394400 79.524100 -38.362000 49.532300 89.908100 85.258400 -62.187600 13.455600 -51.523100 51.381900 ; 
  -24.409100 -43.103600 -42.154900 -97.425500 -30.416500 -9.302740 48.856000 -76.565900 -43.210700 -42.013200 83.899200 93.459200 -31.281700 49.306300 91.101200 -62.962200 -4.864400 43.981900 3.285260 15.350500 -3.677100 -1.019560 64.320300 30.462500 -16.400100 -36.708800 35.754100 -81.177500 48.986200 -88.175300 37.419200 -95.273800 -66.972700 -10.257000 10.897400 -48.014900 13.956500 -32.273500 -20.564400 -25.515400 ; 
  -37.356400 -48.886400 -33.104500 13.063700 -38.899800 10.479700 -68.047400 -72.642200 -98.212300 -54.966000 -13.438000 -52.843600 57.027400 59.849700 93.186900 -8.219090 61.729900 93.749300 45.117700 93.578000 -33.982800 50.685800 76.051700 1.084870 33.443900 91.083800 45.796700 -94.267000 54.248100 -52.344000 54.698200 -88.086100 -62.913800 7.384370 -90.828600 43.801800 -22.818000 98.183600 -28.409400 -76.048400 ; 
]
[ 
  54.692100 ; 
  10.064700 ; 
  -43.073600 ; 
  61.963500 ; 
  19.814600 ; 
  24.081000 ; 
  -70.085200 ; 
  78.366000 ; 
  97.711200 ; 
  32.244600 ; 
  -64.778500 ; 
  67.429000 ; 
  80.026900 ; 
  11.335300 ; 
  -87.803000 ; 
  95.747200 ; 
  23.478800 ; 
  8.741390 ; 
  -83.404900 ; 
  14.331900 ; 
  77.079300 ; 
  71.951800 ; 
  94.657300 ; 
  -95.104200 ; 
  -16.170700 ; 
  18.300900 ; 
  -16.861200 ; 
  14.439000 ; 
  76.787400 ; 
  -34.898400 ; 
  63.159400 ; 
  -79.207800 ; 
  -45.752000 ; 
  46.617500 ; 
  99.633700 ; 
  -56.912300 ; 
  74.213700 ; 
  -90.828000 ; 
  53.287400 ; 
  0.981248 ; 
]
solution:
x[0] = -1.167015
x[1] = -2.799256
x[2] = 4.512629
x[3] = -1.364981
x[4] = -1.067583
x[5] = 0.815431
x[6] = 1.091357
x[7] = -1.204182
x[8] = -0.154214
x[9] = 0.097987
x[10] = 2.202785
x[11] = -0.171410
x[12] = -0.184509
x[13] = 1.523825
x[14] = -3.463759
x[15] = 1.456727
x[16] = 0.656002
x[17] = 1.020602
x[18] = 3.064109
x[19] = 0.215017
x[20] = 2.601197
x[21] = -0.469510
x[22] = 0.782433
x[23] = -2.439327
x[24] = -0.365219
x[25] = 2.623798
x[26] = 2.504704
x[27] = 2.098009
x[28] = 0.827091
x[29] = -0.999209
x[30] = -2.237254
x[31] = 1.331463
x[32] = -0.446983
x[33] = 0.709161
x[34] = -0.670984
x[35] = -1.812662
x[36] = 1.006294
x[37] = -1.216715
x[38] = 0.388883
x[39] = -1.150193
