[ 
  13.205900 -48.124000 -20.611700 -21.039200 -6.292670 39.170600 -59.604000 34.789300 -95.728900 85.193200 41.623000 -42.687800 -53.128900 62.764200 78.356900 -54.993800 -80.462500 66.416900 69.515000 -61.202600 -32.724700 ; 
  -3.536680 -41.062400 63.726700 54.833000 -22.540000 -30.153300 13.632100 -85.239900 -27.381100 6.603530 -14.493100 14.370800 -69.672400 15.437500 57.448100 -69.352900 -13.505300 16.081700 84.347200 23.080700 -82.528800 ; 
  -62.137100 61.162500 -41.230600 37.371200 97.710100 14.002900 -53.055100 -97.455900 58.299400 37.458300 -37.874400 44.155700 -74.403200 -95.321300 -65.606700 -52.310300 21.399300 57.923100 -86.017900 96.516800 -41.381400 ; 
  -96.683500 40.206400 -50.759700 80.900100 88.792400 -66.678500 -65.967000 92.866100 0.829062 -65.961100 -8.679720 -80.103700 97.871000 -81.750200 25.189500 -39.356800 -69.887100 7.554800 -26.430700 -20.194700 -13.010800 ; 
  -72.353300 -42.333700 97.225200 64.323200 80.158400 22.247000 -94.033900 -27.638200 84.226600 -3.972410 35.728700 92.598400 -98.956000 45.977900 -48.765300 0.976720 15.739900 -60.056000 38.416700 69.723300 38.843600 ; 
  44.586400 -36.187200 1.735320 -34.495700 30.469100 94.366500 17.606800 -82.120900 -5.860430 -96.302700 41.188800 59.872500 77.064000 15.059100 98.299300 -84.199900 51.899000 66.500100 66.806800 21.956400 21.320900 ; 
  -60.123500 -96.456900 48.600700 31.251300 40.096700 -95.322300 -81.621000 -4.932360 -98.211000 -31.976800 -34.339100 62.229800 95.924900 10.332800 63.900800 -19.363400 -41.050800 59.011800 12.030300 -7.419550 99.668500 ; 
  -71.706500 28.169200 39.291700 -25.208200 -74.715400 58.448900 -49.134500 -3.363420 70.957400 -19.136600 -28.095400 1.245790 -61.991400 -90.237300 -18.528100 -1.258120 54.694400 48.842800 -99.640900 -64.786100 -60.511700 ; 
  -20.811000 28.891200 -24.969600 -63.389700 10.076300 -48.417700 43.522600 84.267200 78.432200 10.090300 -12.543500 -18.003200 19.709600 59.568200 -37.801700 66.997800 31.458100 -83.907500 -33.634200 -89.426700 6.009990 ; 
  9.846020 82.079800 -85.538200 -41.285000 -77.683200 -21.556900 93.095100 48.710500 76.806200 81.609400 9.157300 -93.251900 -84.036800 -6.980910 71.879800 83.820900 -21.998500 70.979700 -44.369300 85.197400 -86.779800 ; 
  91.305700 -24.520400 85.901100 -60.401800 27.434600 93.095500 56.619800 8.894890 96.348000 -79.019400 -78.681700 -3.883130 -63.691800 -67.437300 -19.231400 -21.357900 38.179200 77.816300 58.776200 51.795100 -80.365900 ; 
  90.495000 -50.531400 -80.614800 -92.708800 43.860800 -32.054400 61.398000 -83.856700 20.102200 57.577800 -89.660500 76.026800 -16.934000 -10.281300 1.856870 8.410490 -44.844800 93.771600 19.432600 3.986670 4.003930 ; 
  94.005300 -52.177700 49.673100 55.121400 25.443400 26.717200 36.744300 -38.491000 82.249500 -33.307200 6.072950 68.090100 -9.588910 39.223400 28.033000 -49.123100 -11.385700 40.285400 77.174800 76.180700 -31.527400 ; 
  -80.734500 95.380600 61.430800 67.858500 97.554700 1.402760 -23.800600 -17.232100 -20.469300 -28.288000 -37.246300 0.962101 -29.961200 42.623000 -35.068300 7.481660 -55.807700 39.890800 45.131400 -77.186000 -65.860600 ; 
  81.693900 30.145800 60.022100 -8.196750 37.301700 -70.873200 33.319200 -3.891220 0.206112 64.119300 53.094600 -38.882100 -90.632800 -66.225800 -56.508700 58.595800 19.277300 -5.903990 -28.359300 -35.208300 53.729300 ; 
  27.944300 59.419800 69.095900 94.124300 -52.895700 -17.271900 -89.539400 -88.566200 68.243500 -31.895900 -74.873700 -3.048830 -41.672800 5.928360 37.894400 91.971200 -40.671600 32.699000 -28.527400 -60.377400 37.735100 ; 
  14.254100 -32.122000 -74.479000 31.876200 -56.092500 54.141200 -49.555400 -77.897200 -18.490500 30.581900 -10.285700 -71.164700 -65.460400 6.378080 -3.689260 -5.445890 70.986400 68.325700 -49.576000 -23.503400 -21.984600 ; 
  -95.962000 -33.191300 -46.155100 72.038700 -46.238300 73.505600 8.709490 -19.544000 -76.614600 -61.033400 11.584500 -98.727900 81.003800 30.031200 -66.036400 -73.705900 25.356900 -26.229400 -37.933800 46.896300 -13.981800 ; 
  7.708610 -41.366800 -52.003000 -15.000200 91.791200 -64.835400 -89.404100 -14.260800 -81.903500 47.828400 51.942600 -1.139590 46.870100 -54.413900 66.065700 -33.115500 28.362900 95.607500 75.996900 80.569200 -72.891700 ; 
  -91.217900 -98.499700 -84.983200 87.837900 91.621800 87.521300 -29.310700 -24.194300 -33.164200 9.854610 26.495100 -97.656300 90.362200 -81.988900 12.614700 15.584900 -65.213300 -39.892300 -69.391500 -63.649600 40.482800 ; 
  -5.372880 97.971700 10.292100 -20.704600 17.849000 -12.125600 5.641940 24.151400 -87.076200 -90.499200 -19.722800 -81.494300 -74.026500 37.365000 -6.328940 29.570000 -16.845200 82.880400 -29.694400 -74.589200 -20.775600 ; 
]
[ 
  23.928500 ; 
  -33.244600 ; 
  58.135800 ; 
  87.876400 ; 
  -61.910700 ; 
  66.667300 ; 
  77.029000 ; 
  27.082800 ; 
  -20.033200 ; 
  -98.603700 ; 
  -31.752100 ; 
  -57.405300 ; 
  -11.360000 ; 
  72.847300 ; 
  -55.582100 ; 
  31.217300 ; 
  69.534000 ; 
  57.923800 ; 
  -74.182900 ; 
  7.960080 ; 
  -15.013100 ; 
]
solution:
x[0] = -0.134411
x[1] = 0.785100
x[2] = -0.030217
x[3] = 1.097552
x[4] = 0.098574
x[5] = 0.534081
x[6] = 0.309419
x[7] = 0.730006
x[8] = -0.052279
x[9] = 0.877165
x[10] = -1.113507
x[11] = 0.124571
x[12] = 0.247235
x[13] = 0.030563
x[14] = 0.405409
x[15] = -1.050520
x[16] = 1.100418
x[17] = 0.487871
x[18] = 0.198836
x[19] = -0.474325
x[20] = 1.051240
