[ 
  4.304140 -60.348500 -76.929800 40.802600 -30.397800 -95.578000 20.016400 16.137500 22.517500 52.358800 -5.741350 -94.873100 68.212800 53.312100 16.650700 47.915300 -87.940200 -11.540000 47.079000 57.068300 -53.607100 24.730800 50.733400 76.872400 -5.203840 -60.931000 -68.007300 0.937356 -45.860700 19.330900 93.626000 -27.448900 66.982400 -26.438000 56.590000 -91.332200 -20.303800 -46.550700 22.946300 58.477300 28.538600 47.690500 -64.928800 -58.714800 -19.080600 -87.567700 49.705700 ; 
  3.119080 22.446500 58.014100 43.791500 3.812290 73.100600 2.493380 -93.770800 -5.151060 26.169100 24.588000 50.755400 45.832500 -92.949800 -8.105740 -33.108000 -46.635900 -9.147790 53.082000 -51.253700 -21.129200 81.114300 88.701500 6.501710 74.172600 19.617200 -93.997400 -14.899300 -11.879200 -54.329200 88.397200 92.043000 -33.923700 44.252800 -43.898200 3.463920 18.071700 -68.806000 -22.747900 76.215000 -55.307800 41.532700 39.469300 -39.146300 68.819900 55.231800 80.089400 ; 
  62.524700 52.366100 -82.128500 65.568000 0.913724 -43.044200 -44.494700 -23.112200 -46.453900 49.344100 -73.768600 -29.456100 -68.394400 94.677800 49.796100 -77.385100 -10.755300 35.802600 -66.175500 -10.830400 -25.706400 -47.632900 34.101000 -64.520800 -0.329640 59.734300 -45.074500 32.552500 -90.033300 11.107500 83.188100 -56.797800 -0.136347 -91.591400 22.634300 14.800500 -47.362700 -24.906500 -3.697690 52.898400 63.328600 -36.884900 74.766200 -3.947130 60.534700 5.893450 51.206300 ; 
  24.758600 -82.439300 42.859600 -58.945600 -97.862100 32.169800 78.483500 71.407300 -58.037400 -34.358600 -65.591800 -1.099460 -78.676900 77.554900 65.916500 59.303300 -89.418600 -58.592300 39.888500 5.274790 53.474100 -61.524400 -39.967900 59.712500 -11.530200 12.390700 50.844500 -55.749600 16.277400 -26.571000 20.389700 89.997700 -8.835460 -97.604700 -41.837400 38.420900 -60.291800 76.052700 18.498500 -94.977500 -87.074300 -57.659700 -87.163800 38.437700 21.927100 -71.306800 -53.583100 ; 
  28.779600 99.506800 10.599300 -58.303100 -99.872100 50.321600 -45.479200 31.331200 -16.843600 -90.112400 80.904900 -31.743400 89.099600 97.111400 -48.884400 -0.302598 -85.758700 54.126500 -95.087400 65.998000 29.099500 75.183100 2.835350 53.658100 32.021800 -9.065400 37.748300 35.145500 90.410600 -69.865300 -26.800400 -33.583700 -41.783900 -62.307400 -0.128323 43.267900 2.876920 -47.650600 -63.479500 -99.531800 -30.374400 97.498200 52.810800 -8.797410 -58.066700 73.750900 -68.191700 ; 
  -97.841500 -22.928300 43.576700 -6.527850 86.356400 -8.419670 90.582300 17.501400 -53.696300 -73.277000 34.086300 89.056600 -25.434700 -80.561400 5.141710 16.761900 -82.765800 -45.087600 12.939900 80.708800 72.403500 85.296300 -25.139900 73.719800 8.250810 71.360200 -49.925100 -90.838500 76.697900 61.252300 66.707300 -50.836100 -2.441270 -30.478900 -58.354000 44.810700 -67.316100 17.916200 -82.176300 63.188200 4.875040 -65.249500 -48.509900 94.513500 88.469900 -87.026200 -49.590200 ; 
  -63.153100 -14.287800 64.588100 -67.150900 -5.178400 -33.414100 9.977560 92.783300 9.325650 -63.772100 -17.029000 -5.879220 -12.085700 75.590100 42.969400 -13.648900 2.903650 1.673790 -68.601700 10.984000 7.539540 -82.974400 50.032600 97.890800 51.512300 -32.715700 -53.527100 -29.969500 -97.941700 93.641600 33.652900 4.362900 -72.800000 50.561200 -17.311100 52.278600 46.526600 -28.142500 9.309570 65.994400 -32.700600 0.192834 40.969200 -31.243600 88.808300 1.615670 -45.359200 ; 
  47.795200 94.271500 21.151200 87.395000 46.975900 -76.543000 -57.520900 45.416700 -81.338800 -61.119500 -35.608200 -66.824100 87.423900 -66.623100 65.452400 57.648200 92.465600 69.699100 33.351600 -59.755100 96.464600 79.750200 -37.833300 -63.933700 65.755800 -42.238800 91.796300 20.508000 77.560500 -40.464400 -85.674900 61.445500 -85.714200 1.582380 -4.938350 1.173210 -81.781200 -96.361300 56.133800 40.320800 71.033400 58.314700 95.836500 -75.644200 47.141600 -90.677900 -24.298900 ; 
  9.178870 69.240500 -74.611000 13.606100 78.310100 -42.597300 66.842800 27.060000 -3.051050 -79.032700 97.142900 80.328400 79.701400 -58.356100 9.127110 -0.707383 -88.989800 -51.587800 -35.754000 82.360900 39.527300 -64.300000 -89.519300 49.680100 -26.398300 -76.597000 33.447800 -42.368600 -88.390700 17.787600 -43.680200 67.475700 64.659500 -67.714400 -76.226300 64.723200 2.865590 -38.033300 -25.406300 -3.478420 -61.753500 -91.765600 95.436000 -6.722520 14.603800 45.241800 -20.639800 ; 
  -92.678200 -41.712000 -53.239800 -0.774123 -10.685400 10.617300 44.895200 -47.036700 53.866600 -64.178400 -46.231100 -6.589720 46.546500 -92.644800 -81.403400 52.704100 -2.305410 53.019300 95.785000 58.546400 -10.054800 8.222520 -4.173170 61.452200 27.542800 -88.777800 -89.199800 18.962300 99.464900 -94.184100 48.183900 27.411500 -94.818500 -13.849500 31.100300 -97.440800 -87.141700 9.247920 29.714200 6.616660 6.207380 -72.618700 98.171300 -34.302300 80.436300 92.117900 25.854100 ; 
  -70.448500 -28.726800 -11.130900 -77.344500 71.788600 -48.463200 78.457400 34.094800 31.282100 -41.825900 32.716800 70.529100 -17.339500 -25.056400 77.905000 -50.106400 62.573500 72.524300 -84.850300 -79.176900 74.568500 73.386600 8.269160 -20.191700 38.458500 -27.243400 -79.492800 -36.047200 -45.216700 43.351400 6.461110 -8.109880 97.245100 -1.412560 59.090000 -74.442000 53.100600 61.071600 31.074600 71.586100 -52.213800 42.091700 34.629600 19.707500 24.485700 -69.090800 -9.419510 ; 
  86.376700 -66.325900 59.917200 28.376700 -72.969800 -4.222780 27.704400 28.049200 22.885500 37.056300 5.500440 45.969800 14.623800 -17.422900 -26.280100 -89.838800 79.734200 93.334100 65.658700 -74.819500 -90.810400 -49.701900 60.041300 -86.188600 28.057000 -45.496900 -65.652900 -28.675100 56.968400 67.808800 63.005400 -67.560300 -86.122300 -56.749500 10.703700 96.796200 54.192900 19.608300 -43.604700 -64.949800 -12.097300 81.478900 16.440300 -87.971000 70.601700 2.098050 61.867100 ; 
  1.003690 69.058800 71.708800 9.888900 2.664530 -17.231000 -1.423090 82.073200 3.865770 -28.076800 -87.612200 -98.301100 52.709700 92.656600 79.925500 -91.477600 -64.212900 -25.503000 -28.594300 16.382100 -65.619200 -61.587400 -99.055700 -28.392400 9.454430 -99.411600 -10.023800 -69.721100 -2.322640 -36.651800 -7.137310 43.240300 -60.467600 -79.322000 34.630600 36.708000 -49.130900 56.790100 70.397100 -36.630200 -43.181400 50.232500 58.314700 94.682900 -64.314200 70.917100 -95.707400 ; 
  45.810400 -65.405200 -65.135900 60.729800 85.315900 -95.422800 29.196500 -95.130400 -57.232000 -98.980100 40.722300 19.334400 -47.090800 -55.011200 26.177000 -43.418700 61.860000 80.712400 -66.744900 17.906700 -42.638800 -29.774500 -19.924900 -77.174300 -68.625100 18.108100 -57.887500 85.456800 72.060200 -84.660000 -80.682200 -25.405100 16.550800 -30.246100 53.375000 72.853600 51.191500 -25.046600 41.823600 -70.056400 -37.316300 24.347300 5.276940 89.605300 -4.171620 87.562600 63.911600 ; 
  -38.301900 59.370300 37.019800 -8.897720 56.064500 76.652400 96.080700 27.621000 25.781400 -91.999200 -30.853100 52.333400 -32.045200 15.499200 95.191800 88.896200 78.675400 97.244100 -17.594400 91.559200 35.993800 -51.912200 -88.468400 -88.939000 2.137630 -72.902400 -71.157000 63.598000 90.812100 79.194800 26.959600 -90.715200 -50.899900 -74.445700 -8.549320 -88.393100 -23.169300 -7.233080 33.703600 56.789100 54.778800 66.559800 70.837600 -31.970700 68.015700 -60.269300 53.449700 ; 
  -71.511800 -99.614900 -27.332800 17.849000 -12.448000 -13.714900 93.212100 16.538300 -40.509400 -40.841300 -19.732400 -43.252800 50.353100 84.323800 29.284400 -16.799700 47.108100 -54.065400 -77.208600 -44.423600 -27.426100 49.590100 61.411000 -66.023800 -62.332900 -28.368500 11.191400 93.099200 -82.109100 -8.069300 -20.705600 1.133420 49.466500 -16.205200 39.199700 28.658100 56.470700 -97.614100 -0.756547 84.710000 -79.722100 -90.066000 60.082500 7.368580 43.766700 -13.054600 -8.262130 ; 
  -61.630100 -17.857600 67.608500 96.484900 21.332100 -71.069800 -69.646500 50.763600 -16.162000 -34.516400 82.782700 -71.871800 51.168300 -14.231600 9.617530 41.844700 84.113500 94.825600 -65.765300 83.156900 18.506800 43.471000 16.398000 0.489895 33.670000 90.867500 9.933240 -52.046000 63.258300 -17.801100 16.836000 -37.649900 17.318800 77.100700 30.956800 90.844800 27.751300 15.760700 90.801700 -96.233300 7.438330 15.987800 -93.607000 -52.072300 21.289100 6.534430 24.202000 ; 
  -36.169900 92.441100 57.722200 -63.201100 -21.673300 -63.019800 25.479800 38.182100 -73.713400 98.605700 66.676500 31.631100 24.549700 7.501400 76.102400 52.255700 62.361400 -92.011300 -33.535700 -34.381200 -45.316300 -30.427300 8.937660 15.264200 -54.568600 66.125500 -28.334900 -24.244100 -70.707800 14.533800 69.577200 -16.714200 84.790200 69.310700 -95.216200 -99.409600 22.338300 39.032900 25.684600 81.643700 -14.610600 39.475800 69.020400 26.282200 -74.731300 -8.167310 -68.040500 ; 
  43.488600 -87.896800 -80.953100 20.679500 -39.468000 61.017800 -73.317100 -40.598300 63.569300 8.796990 50.976000 -46.987000 89.769800 -39.178000 -64.188800 -20.599500 -15.894400 62.210100 -34.124000 77.653900 -70.383600 62.463200 18.673400 43.581500 74.702000 -82.940500 19.219400 20.301600 8.658520 -76.301400 2.794730 -29.017300 -93.547200 -47.867700 87.500900 27.667400 6.089200 -58.830700 33.222500 -28.753500 -59.833900 -28.121800 -43.664500 -69.556700 -39.351300 22.232400 59.936400 ; 
  -49.546300 75.318100 70.480400 -35.146600 91.617000 6.488650 54.738500 -10.579200 -4.900080 44.431900 -33.128400 11.796300 60.856700 18.884400 -10.691300 -88.225100 1.553590 -88.892800 -22.109500 5.273430 30.621100 48.134300 -7.508700 1.327310 -91.863400 51.566600 80.565200 59.277100 70.772300 70.172800 -5.676550 -5.808750 -27.646100 -48.167400 50.188200 -86.143700 -16.493300 -2.650990 44.798300 -74.311100 53.880300 -33.979800 -98.960900 -36.126900 14.606800 96.662600 8.935880 ; 
  -14.590300 -18.615200 -65.936500 4.871890 81.852100 87.580100 -41.859200 72.228200 -60.783900 5.269370 -37.714100 -60.909100 -99.818900 -56.434600 -95.720200 31.327100 -84.796800 19.888300 62.134400 92.621200 84.284100 -37.919800 81.530800 88.906700 55.268000 89.588300 -90.225400 -18.594100 89.385300 99.376300 16.842900 78.759500 -89.620400 -49.337000 -6.980980 70.734000 26.688700 -42.617700 -75.399600 -41.492900 29.572600 25.888400 -94.488800 -73.514200 46.861100 -5.105920 -15.122300 ; 
  39.768900 -4.737190 -17.888500 -51.760300 64.710800 -5.696190 64.065600 -49.395300 12.616000 37.243600 -47.538400 22.276400 -1.016460 -83.596800 -11.864900 -14.102000 -11.810800 95.165600 48.415600 -78.501800 20.742500 19.140800 99.010100 62.652600 1.815860 -80.917300 22.466300 -9.554560 16.573100 -55.643200 4.374200 -82.883700 -27.164100 52.558300 -51.890100 82.863000 79.264800 3.375560 -67.013200 -90.257300 44.944300 -20.918100 30.324300 60.090200 -64.635800 65.369100 58.626700 ; 
  -60.544600 26.877400 -71.740700 54.079900 -78.389600 -93.528300 70.427600 76.729600 -6.121050 -76.505500 -28.392000 15.746800 56.970100 96.655300 84.985000 -57.463800 6.533990 16.734100 50.472700 93.842700 13.766300 -29.699100 47.471100 47.007400 52.766900 53.551600 42.325300 -39.076600 39.574300 -75.502100 35.841900 -5.590760 36.177900 41.513500 -83.247900 52.774800 -14.398700 0.501943 36.161600 -31.939900 -13.565600 2.817280 -50.008100 -86.773200 2.191300 29.169600 53.227000 ; 
  -13.602700 -19.792300 -49.360700 -5.848750 99.976400 -96.314800 36.868900 55.452600 -8.840390 19.525000 -42.861000 35.906300 76.921300 16.882700 -52.741800 -31.600800 85.984700 -55.582600 23.638300 88.340000 -70.270200 -30.970700 76.167400 -55.089200 -83.960400 78.231000 28.682400 65.168400 84.605400 -37.468300 69.789100 -54.924100 90.019500 -41.832000 -69.797700 -90.342700 10.787200 -99.674400 -27.030900 91.095600 43.963500 95.143900 83.248200 -47.543600 -65.743700 46.095400 -74.413400 ; 
  -66.438600 -34.114200 41.804200 3.184890 -71.509100 -53.459700 -96.381000 -75.323900 30.840000 -72.209000 -16.882400 57.458000 96.271900 41.782500 38.152100 21.899000 56.465700 19.355900 -85.151000 67.846800 -98.971700 -17.687700 -77.925200 -88.964800 -32.014600 -68.624100 34.804800 -35.170200 93.851100 -43.748400 -79.035700 46.845900 -60.420900 -93.462200 -19.293900 -72.800800 36.185800 -25.920400 -43.577200 -2.035760 -15.004200 25.076100 54.443300 28.587400 68.554600 -2.942100 -47.859500 ; 
  24.816100 84.467900 52.588200 49.464000 -59.043600 53.962500 -52.633500 -10.891400 -52.364800 -95.758800 -18.701400 86.363600 -86.873000 -74.952700 70.397200 -33.687500 15.026900 -42.166300 -89.235700 15.164200 64.339800 -40.307200 -42.573900 61.258900 -20.876300 -68.354800 -38.714300 -71.713900 -96.309200 -69.228800 72.142300 94.936400 -4.462130 5.006960 -47.984300 -72.364400 -28.471400 81.394700 0.703315 20.610800 5.932770 -87.946000 91.436500 -26.880600 17.889000 60.707400 -90.711400 ; 
  13.700500 64.765200 -91.098900 -98.474200 -55.838300 -74.317300 -50.625200 -58.064900 -96.828200 8.661490 -26.314400 -65.352400 22.175600 -95.154600 -63.522400 -20.176000 -98.368800 -84.964200 7.313430 -83.251100 -0.984558 52.534500 -52.456200 -31.594600 -10.093700 -44.216500 53.348500 28.251700 26.215100 -3.310920 -46.600700 -17.832700 85.434900 -95.619500 -77.331900 83.523200 -25.142800 24.844100 -45.236100 -83.877000 80.001100 -22.236200 76.579300 67.624000 -43.449600 -56.890600 40.423600 ; 
  -0.952793 -13.597500 66.224200 29.853600 -49.994600 -59.883700 -64.715300 -70.297900 -95.988500 -78.283200 94.603000 -7.118830 -46.160900 -25.499800 24.615700 -84.503800 -56.154600 8.929540 78.838100 31.323600 56.391100 -33.974500 -9.619780 -79.660200 -48.398200 -28.621400 -39.942200 92.105300 14.496700 46.352400 45.063100 -24.863600 -82.804600 -96.205500 74.040200 -6.313370 91.218100 -98.127100 -22.230100 -21.944000 -13.414900 -64.842000 0.719963 -99.576100 23.857100 -33.103700 26.143100 ; 
  -12.948300 -21.905900 28.053100 87.964900 26.379800 -34.003400 -94.723200 -12.690200 -84.204900 -31.478400 -58.172100 -98.932700 38.641000 38.833800 80.080800 -81.571300 31.226000 14.921300 -17.200900 -96.354600 -31.999200 -11.150600 -8.733280 19.840400 57.621200 39.381500 84.068000 -69.960900 -33.192400 -64.443700 94.535300 55.244800 99.877300 38.229100 -83.370600 -10.473700 -32.103800 31.743400 -89.087100 -86.650900 57.852900 -65.857200 -61.813800 96.208100 -29.641200 20.185500 57.774800 ; 
  20.325500 10.768000 -22.591900 97.522700 64.380800 47.790300 12.374800 -16.571500 82.182400 40.265400 -59.468700 -90.238500 -38.856300 -57.509000 45.430500 -49.009900 90.736600 10.623300 -54.197900 95.973400 24.406700 3.702520 28.314300 77.991400 2.192300 45.922700 23.016300 35.150000 -33.319900 -7.812330 98.185500 3.681890 81.498100 -61.244800 59.065600 -84.293300 82.211100 -78.441100 40.966100 -83.102700 93.116500 9.629750 47.136600 25.526700 26.911100 94.115200 -5.991960 ; 
  93.131500 61.390000 -18.986800 88.652100 -23.915200 57.161700 -83.094300 33.754800 -82.624900 -76.344600 76.667300 -52.386100 -53.098300 -23.647500 -43.679300 81.943600 25.414700 -55.715800 -15.592400 -61.761700 -29.182600 -71.355800 -76.090700 -56.142600 11.533900 50.174800 88.541400 -84.183700 -75.392700 74.420400 -16.862400 -5.926750 -10.844900 -71.067800 -36.213800 -46.113000 -21.346600 27.117100 -42.132600 77.980400 16.359900 -39.934100 28.004000 62.957600 -71.711900 -62.316200 52.000300 ; 
  -31.701300 -4.080640 16.756800 32.336900 85.601800 -91.353200 27.537700 26.518900 -96.373300 53.681300 20.817100 72.558900 96.702100 72.939100 88.123800 97.009400 36.826100 -63.725000 -26.653300 37.500000 62.676400 2.032900 -33.045100 11.827300 -17.758400 -65.207300 60.268000 -75.086400 22.142700 -46.858900 43.178100 93.846500 77.881500 -45.831100 -82.608400 0.618107 -11.470800 10.997900 41.230200 -43.543100 -28.409900 -84.360000 -38.438900 -42.787500 70.486300 63.157300 85.158700 ; 
  62.698600 -24.414500 65.583000 53.855700 -46.961700 -84.965700 -17.768500 -35.554500 35.078900 -29.408300 -64.898700 48.005100 21.320300 -69.861100 44.227100 -75.541200 -21.242900 -28.900100 75.658100 -14.532500 -48.413100 -78.799100 23.122100 12.376100 4.379650 8.841300 -4.287090 -53.065500 -72.344000 -85.114500 80.928600 -33.722400 27.468500 63.619100 45.684700 23.430100 -9.795090 -26.053400 -79.500500 35.731800 -55.107400 10.236800 49.619800 -40.313900 45.103700 57.231100 82.660600 ; 
  76.681900 -7.552220 69.835700 -71.232200 0.127684 -54.015000 -30.567600 50.422200 45.118300 -96.438600 -44.380300 -99.165200 -69.840000 -1.027090 -62.218100 -98.803700 5.629570 16.228300 -51.493800 -57.093900 22.222400 91.309400 37.270400 3.046040 -5.261980 -38.043900 -3.011650 -16.812300 35.548800 69.060600 -98.036000 -91.329700 21.719100 32.449000 -29.836700 -65.504300 68.943100 -72.854400 -63.566500 37.496000 -4.959100 52.467800 25.760500 -42.612700 7.775900 89.504400 -99.305300 ; 
  -23.969600 -57.396500 -62.865600 18.224400 97.559100 75.360400 -18.010200 -98.058500 -68.452700 -84.448000 83.272600 -36.823600 -94.159700 57.798900 25.859800 25.413500 -74.974900 96.218500 -55.338600 -75.427200 95.026400 -90.856400 -23.534200 61.238600 37.579400 -3.736900 -6.095980 -55.201100 34.896700 -91.912000 35.681700 -97.080700 -35.472100 20.089500 44.653600 93.275300 77.631200 -52.423100 -75.742400 -1.766370 -87.418200 -38.331900 -44.245600 -35.494300 46.466500 -37.814600 50.799000 ; 
  -21.016700 -27.570000 31.661500 -64.699800 -10.136800 30.549900 51.595100 -41.171600 28.280300 -92.472600 12.814500 -26.012100 14.900400 31.215100 31.588600 -89.888200 48.973000 88.660500 -83.687000 72.327000 -0.294423 51.628600 -78.925300 -97.019500 -6.126120 38.291900 -27.676400 42.846200 -83.556100 72.848500 -36.092900 -13.382600 77.907300 -11.517700 22.791700 60.125900 -64.509800 -17.036100 74.732600 31.571300 18.642200 -81.333100 35.251300 68.099900 -45.128700 -78.311700 16.031500 ; 
  41.289100 -53.765600 -38.956700 53.922000 67.795100 31.426300 -18.096400 54.636100 69.306900 41.255600 -17.943500 22.816900 84.182000 47.465100 -53.863600 -85.169300 -41.204000 84.235000 -62.892700 -37.794700 -14.742700 20.052000 14.753000 -46.680700 36.637500 -33.100900 72.814900 -0.502477 -45.127500 -57.750200 -7.891500 -32.408400 -88.139000 47.129400 -96.503600 63.410800 -55.189500 29.421100 79.812300 5.964890 51.948200 94.213800 50.665700 -61.410400 75.813000 -10.201700 -60.494500 ; 
  68.393700 92.161400 -43.740600 51.475300 -55.306600 62.811000 64.407700 -99.396300 46.798500 -57.203200 -13.674800 -32.572800 -50.241600 -11.060400 -91.386500 66.362000 -53.811900 -15.911700 -28.458100 -94.960500 -1.770260 47.176800 -99.627400 -37.923200 25.353200 -89.336600 -79.734700 98.941300 -93.455600 92.366500 3.130150 8.438580 27.241800 53.152400 -67.532600 -20.055700 -76.235400 -87.875300 79.072400 -30.605400 14.321500 -99.073500 72.031400 32.307400 -8.813470 71.956500 -27.481300 ; 
  -78.265100 -1.062350 -54.996700 71.277000 -48.199900 -95.143800 -81.376100 -88.617400 6.536740 63.016100 -87.663400 41.476000 87.186400 -57.363900 84.515400 50.049800 -12.843400 -59.222800 42.234700 38.808800 60.232100 -78.831400 81.474700 -54.865800 71.241200 -49.488900 40.746100 19.567100 63.857100 45.560500 -64.726600 -59.664700 15.689600 95.341000 -3.989000 -43.195300 17.366700 82.966300 13.926300 59.660500 -85.464800 -7.337400 80.299500 -6.190900 -50.395200 8.303950 -35.497700 ; 
  -10.157300 86.288200 46.292900 45.278800 1.467360 61.948400 -32.498100 3.636640 -78.946400 -51.507000 -78.702300 50.828400 73.248300 83.594900 -20.941600 34.001600 65.421300 -64.788600 97.878600 45.384500 -22.364700 -84.260900 26.315900 91.666200 34.175700 -8.631110 -63.004100 90.181600 82.945100 58.372800 71.637600 13.626800 25.439300 -41.849600 34.182400 -96.718700 48.443700 -7.074160 -95.358500 -89.792500 56.626600 -76.588100 -16.428300 89.176000 -18.221400 -47.111900 -9.085570 ; 
  98.796000 65.078800 -20.488400 51.571200 -43.085400 63.015600 -97.067600 -14.330200 -48.168700 28.637600 -88.597100 -51.308500 58.345700 16.933400 -0.326541 -88.174900 44.135800 -9.544030 -6.485200 3.286230 31.740500 62.758800 -12.353800 -30.573500 -48.388900 -72.072100 84.126500 -85.755900 -98.644400 82.848900 41.875400 -0.814401 -87.646000 -66.058800 -50.900900 -90.957800 73.025300 -64.501900 -83.217700 -39.550600 73.612300 2.057830 -14.000900 87.002800 55.765800 55.346200 3.353900 ; 
  -30.956600 -86.789100 -64.869500 -61.082800 -18.303300 -23.784300 57.212000 -37.467600 81.303200 63.469800 -63.430500 -75.757900 -62.638000 42.412300 22.826600 46.097100 -46.158700 11.284100 52.219900 60.510500 -0.534602 14.945400 -12.986200 -58.980200 -79.439600 59.132900 46.991100 -19.896000 8.550510 -91.494700 48.977300 -38.209900 5.405390 48.457600 26.538300 28.694900 75.711800 87.874400 -94.211700 -16.091900 -57.256700 86.258300 -56.975500 13.042500 5.707870 -67.864800 -3.486150 ; 
  8.327160 -45.356300 95.966500 -90.642500 -28.090700 78.956900 29.322100 17.248900 -97.908100 57.749000 -11.960900 -26.345000 19.678800 -59.054000 79.129200 -75.282800 -78.184000 -37.661900 16.924600 52.035300 -43.318000 -45.783100 -77.362700 -34.205200 -86.596500 -27.308700 22.966900 4.387200 -64.301100 91.720900 -46.398100 -12.355600 -60.963300 -9.620250 -87.538200 -54.335700 -20.938700 82.835000 8.604160 10.179800 91.241700 99.839100 -4.625730 55.326400 70.603300 29.520100 -56.030800 ; 
  90.931600 87.391100 -18.444800 -0.914048 37.590800 -11.036000 -82.676300 59.042000 -81.555100 -96.992400 48.767500 35.459700 -28.413400 56.194000 53.137500 81.427200 -52.455700 -23.671200 -41.236900 -69.388300 -9.257940 1.802850 -99.504700 24.658500 36.038700 -98.151500 -31.477200 -38.116300 -20.196800 -47.160400 -24.338100 -50.596600 23.239600 -12.240500 73.644800 -52.231400 -52.339500 -69.575500 45.244400 23.062700 14.330800 58.407200 49.096900 -28.520400 57.411100 -92.245800 25.474200 ; 
  -55.906500 -21.002500 11.422300 -25.209500 -96.097000 97.211700 37.125300 -35.523800 -49.135200 -15.633600 46.013100 -57.160700 -99.772200 -71.229000 53.796200 -46.786600 57.368800 -2.163200 43.172100 -5.714320 -40.629000 -52.255800 -62.666600 -37.962500 -35.071900 -52.973900 67.394000 91.019000 -43.677700 -90.988200 -37.991300 80.851500 71.753900 -32.994400 63.059300 37.153900 45.419100 -41.593400 -59.616200 30.460000 -57.994100 92.562400 95.708700 -23.168700 4.226290 31.333000 14.101900 ; 
  10.301900 -55.651200 70.878300 50.756300 61.734100 -34.471900 30.787900 52.230000 29.837100 72.127000 38.333200 66.078000 -26.691800 -9.859690 88.222600 -43.313500 29.562900 63.231400 -70.647400 29.953600 29.439300 -13.154500 -87.683600 -97.898800 14.079200 29.049700 38.844800 64.333900 59.959800 -54.915700 31.517200 -91.237400 -27.814600 -79.417500 29.332700 -5.169230 -79.187600 93.630700 51.262500 -31.174700 47.408400 -7.303190 55.327900 96.024900 90.563500 -98.823200 78.290100 ; 
  21.931600 4.784280 9.408340 -74.035800 79.549400 -13.211700 -49.509900 86.704600 44.644800 -54.103100 89.542700 -56.245400 83.623400 58.385900 92.144000 64.500200 54.271100 -66.112700 44.543000 34.564200 -78.903400 70.550700 -54.983300 95.612000 -49.040500 -24.188400 66.005300 -48.524300 52.653600 -50.104700 90.580900 -6.347100 -75.644300 46.185200 35.404300 40.730800 -37.867300 -34.915900 -31.423500 64.754000 -78.958300 -52.618100 47.370900 -36.893900 -75.731700 -22.998000 72.431000 ; 
]
[ 
  -52.683400 ; 
  -49.662200 ; 
  -72.810800 ; 
  68.408800 ; 
  -54.099900 ; 
  -57.111200 ; 
  -68.373900 ; 
  40.620500 ; 
  -90.584900 ; 
  -59.812300 ; 
  -65.894000 ; 
  -80.215900 ; 
  11.570500 ; 
  64.704500 ; 
  88.281500 ; 
  -52.042800 ; 
  -83.574000 ; 
  -28.991100 ; 
  -53.968200 ; 
  -43.843700 ; 
  -81.730600 ; 
  -45.562900 ; 
  23.852600 ; 
  90.412300 ; 
  -40.045300 ; 
  -41.520000 ; 
  -26.185100 ; 
  -93.051300 ; 
  87.420600 ; 
  78.163400 ; 
  92.664600 ; 
  13.221100 ; 
  7.514930 ; 
  -96.607400 ; 
  -79.916100 ; 
  49.886500 ; 
  41.660000 ; 
  -20.533700 ; 
  90.724400 ; 
  5.609990 ; 
  87.134100 ; 
  63.437400 ; 
  -7.529040 ; 
  59.365100 ; 
  -51.363400 ; 
  -65.139200 ; 
  5.160990 ; 
]
solution:
x[0] = -0.733653
x[1] = -0.772323
x[2] = 0.033367
x[3] = -0.272076
x[4] = 1.501088
x[5] = 0.325680
x[6] = -0.254089
x[7] = -1.731481
x[8] = 1.324922
x[9] = -1.329801
x[10] = 1.273795
x[11] = -0.778885
x[12] = -0.300130
x[13] = 0.794257
x[14] = 0.857505
x[15] = 0.383488
x[16] = 2.489598
x[17] = -3.485072
x[18] = 1.193576
x[19] = 0.551134
x[20] = 1.567988
x[21] = -0.192052
x[22] = 2.355246
x[23] = -1.231558
x[24] = 0.835815
x[25] = -0.343165
x[26] = -1.487008
x[27] = -0.744777
x[28] = -2.845422
x[29] = -1.054586
x[30] = -1.412930
x[31] = -1.387908
x[32] = -1.052783
x[33] = -1.243383
x[34] = -1.144577
x[35] = -0.298710
x[36] = -3.033198
x[37] = -0.266069
x[38] = -0.796228
x[39] = -2.798534
x[40] = 0.090351
x[41] = 1.945056
x[42] = -0.206881
x[43] = 0.003272
x[44] = -0.623838
x[45] = -0.378277
x[46] = -0.047484
