[ 
  -98.265700 47.753300 -10.388200 5.935220 -46.757400 -51.492100 -27.190900 1.803300 -91.875500 47.694400 0.106741 -6.002850 -89.974200 3.298560 38.895100 -89.834400 -46.201700 88.038400 61.064700 -85.161000 98.664200 48.662000 62.062400 82.173000 81.664000 ; 
  -72.745400 -32.092800 16.220300 14.424800 37.519600 -8.157480 97.249300 68.959000 -5.734140 26.373000 51.626800 90.963600 24.494400 77.957300 27.774400 3.654390 19.272700 -83.012500 8.736770 38.915300 49.169500 -7.985610 -14.067500 -33.280900 47.387800 ; 
  47.195500 14.440100 94.592300 13.569700 65.267400 -50.157700 -0.286859 -21.233600 -73.864400 -39.681500 73.536900 -64.489800 -79.486300 73.227700 -62.003500 -92.898000 63.063100 -98.834200 92.988300 54.336900 39.812800 -66.305200 9.190840 70.478400 -69.772000 ; 
  -57.865300 57.422200 94.824800 -79.391000 75.867800 -90.359200 -66.408700 68.637600 -7.453500 -71.006900 -12.604600 -45.109300 47.622200 -13.858600 78.295100 -93.831600 -27.694400 -59.387800 69.064100 -40.120900 88.302600 -98.896700 43.425200 47.720100 32.474500 ; 
  -0.896885 -73.949600 -70.163300 -35.074100 -89.585700 -66.378900 -30.678200 -8.994830 23.875200 70.935100 6.136880 -57.391700 18.419100 -30.307900 14.435400 15.630500 -97.482500 12.050700 -63.068700 4.501440 55.743700 83.593600 -41.582900 -83.760800 31.944500 ; 
  91.353500 -22.433400 -37.573500 -97.835500 77.934800 49.975200 -67.377500 -14.203400 82.629200 -51.007900 -90.302700 83.228800 27.082900 -17.747900 -89.569500 5.001990 68.433200 -43.326700 8.929700 81.445800 59.714600 24.084500 -11.750600 -91.576300 77.540700 ; 
  26.867900 -30.897700 -98.379700 -68.221700 -2.611060 -84.112400 -77.283600 94.563600 -69.387800 -0.101088 -98.985000 -41.277700 45.312900 -26.293600 84.096600 10.723700 33.602500 -43.401900 -56.472100 73.092600 66.558700 52.694500 37.128800 23.757800 96.994800 ; 
  -7.560110 -62.697600 41.555800 28.480600 72.921000 -17.519400 -48.231000 -17.821600 72.673000 14.424000 24.396300 29.279400 98.245000 4.417810 50.162200 75.609400 -32.785700 -29.393700 -19.718900 -15.090600 -28.509200 46.281700 56.580400 -53.527400 -35.732900 ; 
  37.631100 65.882300 83.695800 74.569300 85.655200 6.905860 66.711400 18.405300 -61.322000 -39.072300 -88.906800 -56.886500 -91.602800 31.044800 -30.253200 -65.650000 19.864000 54.330500 -67.982900 11.123600 -45.153900 98.751400 -86.039800 -70.322300 93.105200 ; 
  19.533500 99.492900 -23.265200 -17.873300 4.132240 50.539500 17.039400 -19.491000 14.752500 -54.036000 17.424200 49.017300 33.420900 -95.152200 -22.970800 -70.280500 -4.952410 -35.170600 87.477400 31.877000 -44.010100 -77.821500 53.941000 -13.823600 67.570600 ; 
  59.773700 17.192800 -39.814800 32.330900 -14.729200 46.818000 69.549300 -84.712300 40.750000 84.496200 -72.344900 98.434500 -11.502100 83.890300 -55.108800 -13.114000 -6.524920 -64.353200 16.570100 92.901500 -3.967730 -85.635100 -68.321500 -78.920700 -20.956500 ; 
  -16.670700 15.297300 -98.774300 -98.926800 -63.016000 90.064500 -85.682600 -67.473600 -28.775600 -31.526900 -73.371400 46.131700 -65.082100 -34.097400 -75.028400 -1.794740 35.774300 58.693500 61.589300 -69.211500 -38.491800 67.884900 -57.763500 -31.935400 61.638000 ; 
  -50.576500 -38.467200 82.344400 -37.424400 7.991010 -95.055800 -2.538270 -60.628600 14.676400 65.613800 -28.104400 49.696000 40.278900 -31.696300 80.317400 93.956600 -70.989700 76.894400 -36.018300 39.611200 -53.748700 44.960400 50.262500 -37.931700 82.262100 ; 
  -21.024700 37.038500 -93.150700 16.589400 17.771000 77.003000 -10.952900 -84.805400 75.997300 87.284300 -13.469500 18.148600 23.313500 29.306500 -45.180200 55.902500 -46.551600 7.005550 -57.689600 11.618300 69.101800 -5.237980 -34.785500 -39.554900 0.776985 ; 
  58.786300 20.628600 -94.584900 -89.252500 -66.425500 -12.662400 -17.557600 -90.860400 -90.836200 -84.816700 85.171700 80.318600 -84.677400 27.172000 79.424000 78.841800 94.169400 -95.170100 76.762700 -49.060400 41.256300 -6.131990 -60.353200 43.734300 42.244200 ; 
  -1.548880 -31.965300 -41.469200 26.865700 -68.757000 0.723900 -33.407300 -76.759200 -92.346700 -70.451500 -79.062900 -9.569140 -28.534700 17.600200 5.772630 20.554600 61.941200 44.969100 -4.589640 61.887200 -61.432500 -95.678100 -61.776400 -76.081000 -93.958300 ; 
  42.810000 -91.854400 3.495250 -55.276300 -27.966300 -29.406700 -39.107700 -82.367900 43.099100 -34.216400 -74.618800 82.561400 9.585400 -98.112200 29.033900 -27.563300 -55.666900 5.913390 -13.676400 -58.690900 -18.148200 -17.141600 -98.606800 -84.462700 35.591500 ; 
  -13.205000 64.208800 -42.926100 -58.902600 24.043800 -95.944300 64.523800 51.305900 98.495000 4.780100 -60.783200 16.157400 -42.343200 -62.784900 -25.755400 -70.653900 -79.700100 79.797200 -48.202700 57.048100 6.891220 20.711400 96.340900 1.069690 -21.749000 ; 
  64.733400 -25.823000 -7.388620 19.491200 -10.740700 80.306200 -94.136100 55.040300 63.065000 -66.368900 -61.958900 56.334400 12.290000 -41.250900 95.687600 20.955400 -3.153480 -0.514637 -49.506900 -61.857300 -36.396400 86.316500 -78.330300 -96.854200 -29.020400 ; 
  54.421500 62.609200 72.197900 29.860400 62.941400 56.706800 71.205000 -57.164200 41.800800 -53.432600 -42.176100 -53.481500 -63.165400 -20.072800 36.294300 -2.371630 -60.017200 91.398900 -59.075900 -88.946500 76.233300 52.392200 -45.096300 67.195700 -42.289600 ; 
  38.972500 10.809600 76.811600 -28.039900 -66.001300 -83.170300 -43.453900 71.114700 24.310400 -14.311700 63.838900 -59.592800 24.298600 -13.419200 63.585900 87.647400 89.752400 68.400700 10.510200 44.384100 -35.963600 -39.741600 62.421700 -78.568500 99.881200 ; 
  -96.725900 -72.813400 25.359000 9.142630 60.253500 80.710500 -98.845600 -97.485200 -33.428300 -29.155600 -18.025800 39.827000 -26.823000 -13.414700 -60.025600 -50.925200 99.939100 77.148300 31.854200 -26.373600 -61.691500 -48.559100 67.061200 97.973100 33.558300 ; 
  14.832000 81.350800 62.986600 16.085300 -53.979500 -32.841200 38.531100 -7.367550 -26.453200 0.949507 -41.644100 87.452000 5.540190 -86.096500 -24.384900 -36.805500 10.578800 -2.729070 -67.467800 69.060300 96.055100 -2.359750 -60.299200 -48.400600 -69.101000 ; 
  20.310000 -49.742100 -15.715600 67.647100 -55.640400 50.972400 93.106900 46.924200 55.443800 44.241400 -34.141600 -17.090300 -36.100200 63.787200 71.245100 16.313700 -15.838800 -2.004970 -97.563800 45.939200 -99.679800 82.059500 -25.543900 83.662000 -93.058500 ; 
  -34.428100 -33.660200 73.403300 89.317200 -45.604300 -72.179300 82.454000 5.109530 75.917500 -54.230600 -53.120000 12.113300 -12.339500 10.248600 48.274900 -42.945000 23.875900 81.799700 6.894380 73.916600 -83.467800 -42.829000 -26.422100 -77.033200 -97.482500 ; 
]
[ 
  11.321300 ; 
  77.609500 ; 
  -17.914600 ; 
  -90.448600 ; 
  29.687100 ; 
  -48.579100 ; 
  -68.319000 ; 
  -38.247100 ; 
  -19.071600 ; 
  64.188700 ; 
  20.032900 ; 
  92.558600 ; 
  31.964500 ; 
  27.854500 ; 
  -50.001900 ; 
  17.738500 ; 
  -68.493400 ; 
  31.521100 ; 
  -24.641300 ; 
  53.532300 ; 
  -82.609900 ; 
  -24.964700 ; 
  17.807400 ; 
  88.320700 ; 
  5.679000 ; 
]
solution:
x[0] = -1.143284
x[1] = -0.492006
x[2] = 0.246079
x[3] = -1.044991
x[4] = 0.523077
x[5] = 1.750400
x[6] = 1.338321
x[7] = -0.070618
x[8] = -0.297112
x[9] = 1.425529
x[10] = -0.438991
x[11] = -1.188187
x[12] = -1.537965
x[13] = -1.855953
x[14] = 1.114213
x[15] = 0.394527
x[16] = 0.536604
x[17] = -0.755896
x[18] = 1.014250
x[19] = 0.441928
x[20] = 0.261465
x[21] = 0.309161
x[22] = 0.627433
x[23] = -1.237046
x[24] = -0.872808
