77 77
3.47797 54.2434 68.1041 25.6968 86.0559 -58.0448 41.523 76.6261 54.0958 -11.1191 -78.0632 -7.81944 -21.2652 -4.96343 -20.2924 -54.7483 45.8279 29.2294 59.0516 80.9313 11.6424 73.1037 54.3086 -34.6906 -44.5549 -34.7675 63.36 91.9444 -90.5814 -1.20535 -58.3213 -5.32116 -32.7816 38.8851 -57.7476 36.8612 -73.0282 14.2143 -99.6863 -26.8867 -84.17 -44.6651 -86.3549 32.5202 -33.1175 -6.47225 20.9125 76.7078 28.832 -19.8654 -78.5562 -94.0865 88.162 -60.4645 -26.458 -80.2256 48.4173 -50.9498 86.3719 52.117 -69.0655 16.4352 25.7354 -65.0504 97.8155 -14.4874 -90.556 25.0704 -42.2296 47.5207 80.4938 58.8984 -95.3295 -2.84525 -20.0405 -20.1675 44.3998 
27.3671 -40.3991 12.4555 -61.0397 -93.9885 -64.5672 18.5705 -85.0584 23.5913 98.2461 21.711 96.0589 61.1293 0.54579 -26.9059 -7.50076 -65.3067 -9.03078 19.62 -45.9967 -67.337 66.6828 -61.3401 56.4177 12.5246 -99.8835 57.3343 16.8181 61.9333 -86.9866 15.6871 53.9129 -86.1168 35.5922 -1.24157 -67.1283 -24.6306 33.6891 12.0429 5.06794 -23.0759 -36.0879 70.9809 -23.6592 -39.5076 -3.97624 -28.7152 -15.8567 95.7 29.0617 39.2484 47.2447 40.961 32.0923 -24.0482 21.4795 6.03714 66.2955 28.9598 -71.9372 -48.291 -26.8628 -83.8919 29.2019 -3.27234 1.78739 40.6865 17.3207 -91.6001 76.8791 -92.3507 61.3589 58.4966 -47.6204 44.5959 -76.786 58.174 
-69.7775 49.436 71.2443 3.1466 84.9865 -32.399 69.4543 -81.661 -76.6149 -65.8028 52.4564 35.3888 -20.3866 -38.3233 -99.7645 57.305 -74.8015 10.5409 -39.7846 -59.2697 53.6811 17.4267 90.389 -31.5234 -14.298 93.3566 43.8899 57.0984 52.0796 -97.8563 -71.4625 -70.4236 -9.13948 -7.23299 35.1891 22.6613 68.6689 -81.6451 -9.94071 -73.5172 -2.91615 -11.7461 -16.0925 -66.8002 89.0794 -42.1054 -64.9283 -50.6614 -66.6966 30.3088 0.691415 20.6064 -68.5508 66.9242 -4.41484 -0.186108 72.0906 26.1311 -14.3239 58.1901 0.870864 36.6105 -87.7457 58.5487 28.4838 -73.4011 -52.4456 -53.5682 79.9732 -89.9525 -32.1006 84.6011 90.8265 -79.4259 89.1139 -62.4892 -55.2611 
26.1371 86.8836 52.2512 -13.3446 -83.3435 45.0617 -48.8374 -9.3572 -66.4285 -63.0439 21.085 -24.5615 -5.19549 79.3692 -42.6944 35.3062 -8.40575 -75.511 87.3757 -77.4318 3.21583 48.5109 -77.7416 -2.98987 -50.7683 -63.177 -16.6571 43.8241 -47.9756 74.2391 -62.6239 80.2901 34.9745 16.502 -50.5889 -48.1951 -14.6871 -46.6065 85.2158 21.6229 16.7702 56.5639 69.5396 -47.7512 45.5474 -85.5758 -71.8932 91.3447 30.7283 50.4454 35.1094 84.1596 71.0668 20.3686 -65.2929 22.8113 -10.1742 1.5837 17.251 -62.8898 10.4283 68.4928 -42.1947 33.4058 51.9293 -24.44 37.0063 -34.3457 -47.7683 -41.3799 -71.3496 28.0266 43.6682 -68.6228 56.3399 -95.7924 17.4557 
-22.0454 83.2948 -65.057 -12.4549 70.6927 -67.3036 28.1716 80.5022 0.169017 40.6692 -73.4164 90.0308 -51.8719 -10.9115 10.9166 75.0592 -79.8413 -93.4522 -51.3886 -87.4016 41.6471 -37.7201 38.1808 -95.4441 70.7832 52.9389 -56.3252 -56.9617 45.4246 52.021 -83.5171 -72.039 39.6939 -65.4041 -45.8799 96.3037 -23.3494 -32.6382 49.7074 32.0516 91.3417 -20.2308 -18.4008 -62.2644 -78.5793 -82.9694 -66.6854 17.802 -1.13315 -44.9319 29.1997 -41.476 -86.7717 28.8667 -37.4333 58.4072 49.507 64.0597 51.1299 -58.9788 -57.5226 17.5548 44.1354 -16.0665 -30.0778 81.8107 -7.27943 54.5432 -92.9397 -37.5566 -14.2439 2.30327 -88.933 -96.3872 19.7511 -43.6705 29.4784 
44.259 60.2129 -1.95553 -66.5693 -29.5611 -33.2955 2.687 -39.5962 -92.6847 47.8376 6.57128 43.5559 43.4628 79.7026 -38.5178 31.1125 -92.3367 97.3646 6.80562 -18.0085 -68.9459 25.8116 16.2295 -29.9666 -49.2539 -9.7784 54.3623 66.8336 72.184 -4.34062 47.2464 69.6822 -50.5327 96.3632 -24.2664 -44.755 2.71752 73.2924 25.8008 33.6591 -90.8733 92.0321 -16.5959 73.3548 74.5186 34.1947 -88.9098 92.4096 -72.3171 -33.5956 -40.9979 -51.4743 70.8795 71.0799 39.0624 -78.5712 53.4505 -57.8079 23.0522 37.5864 -85.77 62.9847 -16.1797 68.3351 -91.3424 7.49726 6.41949 92.4052 54.8147 70.6741 20.0893 40.6074 88.2388 29.6796 25.4587 83.5959 -3.6657 
-9.48482 -11.3905 -40.4874 -71.7216 -24.1076 23.9211 41.7151 -94.7978 -67.2353 -23.3384 -48.9314 9.90091 4.65843 94.1583 -81.4204 -33.212 6.60303 -22.8532 -94.2945 -7.2776 85.3665 -44.5149 38.4443 -66.5644 52.7911 59.9265 -15.8707 60.552 97.2942 23.9798 28.8409 -70.3474 71.9636 92.2308 -76.2576 -62.0541 57.4212 78.9404 -48.4858 99.3058 33.3331 29.2062 69.0731 -89.2066 -94.8362 87.4101 -97.8109 91.8057 -21.3274 -48.9713 -61.3871 66.5711 61.0998 -95.7258 -64.3596 -92.1022 38.098 -86.1085 -26.1769 45.4802 -14.8066 -54.2705 75.1897 -87.0163 -83.5116 21.3264 32.8913 3.84761 66.7339 -3.66085 72.1599 -9.18461 34.2337 -33.5453 3.7131 6.15286 11.1514 
21.9285 -47.1296 92.952 44.741 -38.5057 35.1491 -49.5847 30.3564 -0.795087 36.9777 84.6253 97.7742 90.9442 99.0521 -31.5795 42.7826 46.9486 65.7929 -19.0658 -38.1304 -56.8333 2.58489 44.2611 95.7446 -20.3974 -18.4065 42.0378 -70.0376 77.3929 -57.0385 -46.8701 53.5201 -87.6811 -57.0123 -6.20799 62.3739 -81.136 -53.0644 -53.4589 -84.4317 -43.429 89.0459 -5.18759 12.1357 -35.6563 -76.0081 -67.5678 -12.0955 -88.9875 -12.5624 64.2728 32.7395 52.5451 -73.7473 -71.4326 32.9544 64.6259 -32.999 -13.8959 52.3906 -70.593 -56.6105 -53.3082 48.5727 -38.2964 -48.4257 -89.9906 -71.4759 -95.0012 -85.9702 98.0466 69.6535 66.7838 34.8172 -26.9074 -32.9912 -83.8826 
-15.5652 -3.85964 -68.889 -17.4069 42.3678 76.277 -11.9761 -82.2375 33.8501 -81.7896 -37.3142 60.5693 -11.532 -17.8425 -79.6311 40.8907 50.8177 93.5908 -18.9471 -43.3547 -63.2367 -19.6204 39.5056 -30.1045 34.2629 56.9207 66.4356 -17.2737 81.0789 92.2696 -25.2571 -96.2212 10.3636 -19.6261 -56.571 12.0083 23.3277 67.9012 15.8291 39.7549 -38.6298 -50.9947 -67.9352 13.7882 -61.1397 24.9904 12.8402 4.77945 -71.7042 68.3278 -14.0098 -63.179 -49.1585 -6.30248 74.2424 -8.0287 61.5926 -13.4189 68.0923 27.1058 -32.7031 -40.8533 -22.1145 -78.9164 52.3264 50.5623 1.29218 -82.399 -79.6226 -16.7789 -2.9671 -68.0197 -7.64791 61.6248 -71.4742 -66.2299 73.2465 
54.3321 -40.7315 25.7019 -27.422 -81.4893 9.4809 -54.4355 -97.5411 26.4776 9.578 -22.6015 -63.6394 11.9398 71.8746 -2.87178 -66.0778 30.8257 88.1194 22.5086 -97.6868 -21.9081 -8.98913 -80.3864 -53.6101 -25.0778 -82.0579 53.4809 53.6266 -98.1834 31.939 -0.409156 -76.6918 41.1448 -78.9023 88.6296 -2.69269 -56.0937 32.7642 68.13 61.7257 24.5392 30.1496 -75.4072 31.1706 83.4519 -23.8248 -23.8652 96.9797 -62.8923 -30.4206 -79.8387 -48.6134 -45.0927 -73.3897 -60.0171 92.3365 99.1511 32.5711 22.5191 77.9072 -13.7857 -96.8593 85.7035 18.6819 -12.9815 20.3604 -1.95849 83.6472 58.5685 -38.75 -70.8022 28.0067 -92.069 -2.96614 -51.8927 39.1183 61.9517 
22.9877 -46.0605 60.5459 -5.53175 27.9041 -16.1242 0.75938 -37.1084 -81.1428 32.7567 -58.2502 -10.4772 -90.2036 -52.1807 -0.756933 78.2297 6.98927 68.7272 97.7733 76.096 -54.4396 34.0032 91.7523 80.9458 56.4246 -72.1116 19.7288 -17.9745 -96.7773 64.1197 59.0035 72.148 -8.61459 14.6238 -17.2444 -27.2185 -62.0374 -63.0428 40.4271 57.9281 -2.20222 -12.6948 38.2561 -28.9607 57.6588 70.7503 -99.487 -77.4088 -9.74986 -65.8672 -29.9852 38.5241 74.3165 37.8808 61.9307 69.1215 -74.5363 68.145 -87.7866 -29.6286 31.8497 97.2551 -33.7357 3.58585 67.3439 48.717 -13.9737 -55.9419 -16.3293 -47.2008 95.8682 56.048 -1.68308 -87.5093 31.0635 84.2197 80.5229 
-51.5638 -32.9887 -41.063 53.9813 63.9792 97.7128 58.7024 11.8681 66.7813 -7.33717 84.2581 -74.3777 -65.2232 -6.45932 38.171 -60.6009 81.4551 16.0667 33.4009 -30.8659 37.2992 88.3028 -94.0913 7.62714 -10.612 43.6555 -81.8131 -33.0091 15.231 -12.1379 -1.59249 35.0592 39.5973 -87.3424 36.5977 98.211 31.5808 -21.4729 -95.8591 96.3784 31.645 56.7644 38.9058 90.4961 -31.41 92.5092 2.21443 17.8631 24.86 22.482 55.5496 22.3784 -85.4434 -47.9771 48.3026 21.1462 4.2523 68.4373 25.8772 -81.3324 45.9468 27.6412 -34.8954 -87.0414 95.7381 70.9132 37.4069 97.5653 -19.6097 19.1066 -74.6346 16.3177 51.8781 -84.4468 -98.074 70.3407 15.5652 
4.52331 23.2934 92.7382 51.1633 -97.6153 -20.2849 71.621 -66.1221 86.1248 99.2718 60.4069 58.0403 83.7039 11.346 92.6559 67.7587 19.8769 71.7533 -42.9981 -68.5415 22.4311 -1.17955 -24.6762 66.7518 98.0316 17.1248 15.8964 -28.7508 -15.5241 86.2195 91.4276 24.0302 75.64 81.5617 7.73552 10.9347 -20.1507 -72.2199 0.215348 19.3491 -0.1078 -11.8006 67.8138 -54.2855 23.7848 -49.0773 -42.1554 94.8687 57.4773 21.697 61.9361 -39.1879 -30.4255 37.8577 73.6989 58.218 70.093 53.1608 73.7412 -31.4419 -44.5644 5.656 60.4749 1.66697 16.6888 87.9307 51.4532 -26.2279 -12.8127 56.8887 -72.0186 -17.0979 34.9118 -36.8068 -11.1911 -88.2406 -59.232 
87.8533 -49.2925 -59.2324 80.3964 21.5029 0.0165735 78.5507 0.87914 -24.2962 54.4403 -21.4231 -57.9116 79.0491 -22.2025 42.1691 -64.7327 37.4906 -96.0768 36.9231 -33.6426 -30.9086 -81.509 79.0735 -11.5451 -38.5493 -97.8718 68.5627 -66.3626 44.3889 44.4148 79.6502 80.2017 -49.9836 -74.0371 57.9095 84.8041 -98.2258 -80.9101 -56.7666 -76.2533 11.1788 82.8125 29.0613 32.5286 -91.1002 78.2314 35.0891 -57.9983 23.1221 13.5297 -6.95037 -14.9342 0.742359 76.8253 2.24009 49.2619 -54.4122 94.5678 1.20139 -8.17471 7.65798 -92.2779 86.134 54.1916 -1.69196 -36.849 79.6053 -74.2963 -97.8344 97.1188 75.4015 72.3882 28.9999 1.68155 61.7496 25.4606 -83.5772 
-81.5671 -98.5214 -49.2772 -1.5868 -69.3104 99.8307 54.0895 82.5597 -18.9151 93.8785 16.6926 -47.8837 19.1613 44.1405 68.6492 -12.4439 56.0603 5.20856 -59.7722 8.87679 -7.81288 88.9973 -21.6814 0.849854 83.5003 -9.67111 57.6219 51.8316 -65.6187 -53.0144 -12.5625 61.6776 14.8089 93.8203 37.8689 62.9515 26.0882 64.6311 55.4609 -68.584 -91.7737 -39.8819 -95.0795 -1.417 -15.5391 33.8254 -97.0098 -43.1263 -24.1944 -35.631 -50.8562 59.6975 -64.1779 -37.871 -97.9244 -15.8483 37.4261 20.5596 -55.0931 50.7536 16.3099 -79.7943 97.4979 46.8643 48.7912 33.0095 -8.61931 -64.7387 -63.0313 32.5723 42.1648 64.063 -93.306 6.70185 38.0228 50.0314 78.4141 
-93.4273 -32.1206 -50.2454 -74.5166 0.227192 18.4096 10.9185 -92.6727 50.4592 67.2912 -36.8946 -88.0817 10.3723 -72.7675 -2.59156 43.6372 9.59315 32.0044 97.3769 13.1604 -13.7636 74.3423 70.38 76.8715 -20.6844 -42.676 -55.3346 -9.02359 -59.4563 -81.9397 39.3751 -21.8588 18.6917 -48.9862 89.4808 -96.9162 -69.7584 -30.1853 75.8322 -88.5051 95.0569 20.6782 -61.086 -72.6606 -6.33807 76.0073 53.9061 -0.267488 -95.6629 -7.10792 -62.7624 -47.8951 26.3728 47.4976 91.6265 -32.8736 94.1477 -60.2201 80.7877 -1.46677 -52.0371 11.9531 94.9434 -86.5266 -52.0635 -31.3842 -73.5264 41.0292 -22.6265 -83.9749 33.0293 -76.5277 -0.697076 84.2422 58.4301 34.6896 27.8409 
-77.3329 65.9139 14.8339 -87.1308 -8.03297 -10.1611 21.8318 -72.6227 30.9663 50.7109 97.5346 63.4351 -46.4136 -72.9815 -0.846222 -22.4547 4.41863 63.8912 19.1974 50.0705 -65.3323 -39.431 83.114 97.1566 -89.232 78.3355 -15.2494 -96.3885 -2.16902 -54.7076 -69.908 56.9695 85.7343 -62.8446 -29.1304 6.1399 -6.66896 -85.176 47.7852 -74.0596 80.0962 -22.9959 -91.7916 59.1613 -75.4923 0.402247 -39.4421 95.9245 2.64734 93.7928 -23.7898 -35.4804 81.5847 -5.89071 -5.23267 54.5165 59.2229 -40.2546 40.2516 -92.0856 -82.6853 -91.3636 51.5399 31.0467 2.26223 21.2446 57.7356 -37.8315 -33.2184 98.9591 6.40865 -89.8959 -81.1921 4.78318 -9.16363 -13.2071 28.1198 
10.0252 93.8357 96.5555 7.77057 -0.076208 -80.8284 -82.4875 33.1935 83.335 11.3777 24.8819 -10.1889 -44.6714 7.05461 -33.2316 75.7574 53.921 50.7993 -16.0344 -90.614 50.0096 -88.0259 -50.5135 19.9679 0.197781 -75.8929 68.3723 -66.9751 -49.7629 34.4504 7.43975 39.8206 65.2655 -82.7451 -97.3291 -10.6742 -1.28375 24.0954 -28.7231 51.1372 63.6056 18.8531 63.7164 81.1517 -82.8269 -72.3424 -58.3655 50.7809 74.1478 1.88942 -44.5169 4.39177 12.5194 14.0342 73.2025 -86.1207 -30.8677 6.16907 83.5967 10.1791 80.8624 54.4244 -88.404 -6.47857 -85.307 45.8472 -46.6008 -19.4559 4.49764 -8.16335 -1.36922 -12.4018 -37.2781 67.7907 -41.7784 30.0485 24.6944 
39.433 -50.3763 -74.5888 -13.7053 55.1663 -19.3965 2.66495 -10.2014 -54.1818 -33.2264 -36.5857 -96.5442 -18.471 -42.8269 8.99843 36.6883 21.0847 -29.9116 75.5725 -52.4291 24.0754 35.6227 -88.9055 -35.2106 15.4552 -44.4549 47.1522 86.4907 49.2265 -50.9005 -84.2631 -9.55077 80.2907 46.1052 89.5443 -28.6997 44.0225 86.8779 -42.8517 -7.93104 -96.9767 -87.8814 -23.1995 86.1942 66.2132 44.4626 82.8798 -38.7558 30.9597 -60.6177 -1.19421 -71.1521 -52.8102 19.6197 -51.4799 -22.7114 89.5941 8.37744 -0.308817 9.71861 -59.3417 44.7136 -98.2438 16.0904 31.4579 -87.4231 79.5914 92.6626 -19.6293 90.803 -74.3867 -17.9798 12.6841 -17.6287 -85.6058 23.9619 -73.1239 
7.17271 -48.1827 -5.80916 -34.5787 35.6598 -65.0062 41.5695 58.2878 43.3018 -27.3227 -12.6773 -66.876 15.0529 -5.10116 64.8507 -54.4968 72.6871 52.6196 -23.0215 77.2604 -84.9899 -24.7115 72.9981 78.5039 14.8722 -43.2821 -41.4309 70.6378 8.77471 76.5906 58.7643 51.3351 -10.3487 69.1355 -39.8204 -60.9735 18.0681 71.2878 -65.5935 -29.1633 53.1224 27.9906 38.2735 62.5434 -33.2689 48.8229 -33.2133 -15.7773 31.6878 -23.2738 36.8052 -15.8256 19.7959 -90.3402 51.8913 -63.211 12.1212 -78.4115 -62.5056 68.7905 -38.4274 -50.0506 -1.02022 53.1849 78.4976 -91.6525 -4.11647 14.5287 -16.3079 -86.0937 23.1055 -65.507 23.6738 86.2714 -35.8712 -86.5971 -37.2137 
-51.2578 -89.7086 68.092 21.5053 38.8557 47.9781 -32.1489 72.8485 -34.8673 -14.565 5.70078 13.093 54.1411 -50.8656 -97.323 93.1786 52.5498 4.47879 75.0675 59.2708 -35.5755 82.0924 -73.0367 72.7386 -81.975 46.8251 -10.8747 28.5376 32.2256 16.4018 65.1686 88.2587 -35.6288 -13.6465 42.9574 -14.2341 -31.6838 90.6291 3.70717 -93.6506 14.9695 -8.26116 -45.3419 -61.4129 33.4051 39.1394 16.5066 26.7888 39.6087 -95.9877 -64.4822 48.3386 27.3063 -62.5182 56.2466 -62.7552 73.9724 53.8871 80.2116 -83.7092 98.8871 -4.77835 90.3168 -45.1601 -5.41293 24.9227 76.2025 -64.9606 7.26388 84.0984 41.1198 -99.9359 -23.4516 48.9102 34.4892 60.2466 -35.425 
11.9162 75.1388 57.2641 37.8084 46.6082 -55.233 99.6434 -92.7809 32.0915 -38.2531 80.394 -17.6226 16.3061 56.4239 -82.8604 -34.2694 33.676 -6.86847 -38.4042 -59.543 61.0721 38.5833 68.9401 75.5323 71.0282 -28.4828 89.1509 -40.9095 33.7185 -92.4477 30.7411 65.5672 -12.0154 56.5298 95.513 86.8699 22.0699 -71.2317 8.52538 86.0317 -66.0569 -17.9863 -95.6359 46.7683 34.4929 -77.324 15.2035 -75.5497 35.5111 34.9635 31.446 -87.8971 -87.1594 -88.7865 -34.4885 -48.5368 42.2636 -75.2331 -42.8114 69.0765 -31.0739 -58.4535 -27.3777 63.639 -19.7082 -36.2832 -10.971 9.95683 -55.5856 -27.0077 81.0053 56.5688 -47.7044 32.8206 16.2242 80.9192 8.87522 
-34.219 80.5001 -34.0385 -84.6953 -73.1587 22.0342 -70.9132 -37.7231 -11.692 93.1547 51.428 -49.1618 -62.2688 47.5194 58.3123 54.4992 -31.9337 90.9509 11.0553 5.70658 -89.4515 -11.0134 97.7275 -94.1502 17.3723 -23.8702 13.4488 34.2949 -6.02444 -52.6967 -73.3383 3.5116 19.4215 16.8597 -38.203 -78.1273 -85.1019 91.58 -15.2319 -1.9214 -92.8901 -4.45997 41.3057 24.2771 25.1199 -9.15953 55.8418 -66.5905 13.5408 -19.5104 88.7843 -2.91213 55.7548 71.0227 77.9827 54.7372 -31.2361 14.2619 99.7445 5.71345 25.9499 -60.0197 49.3243 -6.22498 -23.1586 -26.876 95.7238 30.318 -44.6611 -19.0075 -58.5053 -98.199 -30.357 -10.4561 64.298 57.1635 -53.2039 
2.8753 -74.7784 0.239263 21.3004 -3.46167 19.6999 96.4792 -74.8461 61.0517 96.549 99.2924 7.25745 -23.9572 -48.506 -40.3774 -22.363 -55.2298 -47.4127 -65.9516 -49.0249 38.1594 -55.7983 -2.51897 63.7259 40.4606 21.4658 -23.767 -51.4702 -58.9947 75.9692 13.8703 -81.6592 -45.5489 60.2935 -47.7776 1.22246 -54.1145 98.2709 39.1351 -57.0879 -75.6482 -19.478 33.3618 -87.9224 87.5259 47.9622 -98.9968 -39.576 46.0671 50.5369 -26.026 -19.324 20.9066 -22.2519 12.4236 4.19859 -34.2843 -16.1432 80.6264 88.5903 -63.484 24.3004 17.5638 -4.61843 -22.0031 -6.10535 -12.6598 26.137 84.6108 53.6776 -41.1302 -75.3419 -70.5441 -34.5851 -71.1137 -8.74223 69.2798 
-13.732 6.43519 -43.7099 -32.9674 -82.4353 -89.9526 -33.3419 22.7079 51.8224 -21.3368 -7.76994 10.5839 83.4627 -41.807 -49.5264 9.95795 -36.7741 -62.7802 53.9578 68.0259 -88.3725 -76.8791 92.6638 0.152658 -34.2837 -6.37436 66.0936 35.1534 23.6107 24.3662 -77.5798 -83.5285 -63.0635 91.6684 71.0129 -86.5699 20.1264 64.6226 -88.2218 55.471 -98.7628 94.0761 -62.2377 -29.327 -98.2393 92.2613 36.1348 -83.0643 -62.1346 -96.9226 22.5476 -42.7653 44.3567 -97.7804 4.76318 54.6907 -13.823 77.2894 3.39905 -72.1181 -88.081 22.6863 88.7884 66.8224 83.7547 65.5645 -57.6119 -82.624 -61.0941 -8.79871 -79.8553 72.5487 -73.4087 20.1912 -46.9173 61.202 21.2606 
-73.0154 30.3865 -94.44 -52.2823 91.1239 -80.8005 -14.6694 51.8647 89.2271 39.5534 -26.6087 -12.4098 28.4449 73.9595 37.7087 -30.2649 -62.7978 -43.3269 5.1433 43.4639 97.8598 -70.8493 35.46 -24.0306 -82.6446 -7.8821 -74.4989 97.1972 -6.52682 -96.2519 94.8531 -3.27067 29.8246 61.6587 97.8269 -23.3675 62.2304 -92.9616 -6.00801 23.4583 63.8239 88.4263 -18.9436 15.3853 -19.5216 -99.4352 -7.7943 1.11921 10.54 -54.4168 17.6816 -26.0293 -74.86 28.762 2.38181 31.0875 87.8819 31.3295 -44.7399 56.5955 1.29444 -44.2736 93.5586 38.9876 65.2856 54.3006 30.1324 34.7683 -49.8924 58.2814 -63.7802 46.3524 44.1834 -9.711 -12.8428 -48.4803 -8.99728 
-17.3259 3.40319 -2.52128 24.8538 -81.4255 80.9516 -47.2422 0.21506 14.5186 14.7694 28.5946 -11.0477 -78.2244 82.175 -85.0144 -37.4586 33.127 -34.978 -75.7852 78.1513 89.0005 31.6678 41.3365 -57.2604 24.8182 -81.2275 9.02116 18.7122 96.2146 79.3175 89.272 -4.92964 -52.5379 -3.75277 -72.7999 52.6697 18.969 12.3524 6.8721 99.3513 -3.08563 -60.186 53.4541 2.64457 47.2353 84.2161 19.579 63.6799 68.3674 50.3597 -4.49641 28.7952 -38.7137 -60.8478 -69.2442 13.2006 61.9854 -11.0312 -1.52783 -78.2479 87.7886 62.7655 99.1453 -64.3209 -41.6057 -67.1026 5.85103 -61.8119 -72.8151 -3.07574 -93.9492 -5.00309 -86.9488 51.2275 -20.0009 44.0721 -80.4449 
-37.7275 -86.4025 33.4291 43.0224 76.6789 -58.3172 63.1267 -29.5941 11.912 4.57622 -87.4338 -99.7765 57.0188 -84.6455 -36.3805 -47.0406 -12.1958 25.3519 89.2442 -72.3533 -41.7045 72.8634 14.9911 -44.371 56.7329 -89.7153 -45.2511 64.9498 11.4586 -14.9624 -73.8346 62.1203 55.5918 -69.1677 99.2922 3.63541 -99.6455 57.3509 96.3416 12.9595 10.4588 -19.6611 -44.5426 -27.4015 62.2871 59.4402 11.584 92.9637 40.4879 79.4211 30.9836 -59.4051 -21.7153 31.206 79.2828 -94.1681 -83.9601 81.9031 -53.7874 -4.81447 83.2473 -63.0805 5.43931 18.4098 13.3447 84.0417 88.1091 48.8321 -79.051 -10.734 -5.79667 -24.7052 -20.7058 -1.56511 95.2372 51.0797 96.6342 
-69.4854 -40.6568 81.4022 -73.3109 63.3092 38.1673 78.4176 -34.6825 90.5172 -76.697 -46.6263 -48.8888 -73.9378 -72.1922 65.8921 49.2814 72.1681 -70.301 51.207 36.2602 25.4942 80.4411 -26.7117 56.87 14.5901 15.2514 -69.0048 35.9606 -9.67876 -70.9387 -66.7991 -92.0042 84.7286 33.1354 -93.2926 31.7162 54.6622 -92.4712 36.6271 -9.13788 19.6537 -79.8935 29.1852 -84.6679 -13.0777 2.448 -56.4426 -31.0678 43.1265 27.8822 16.2368 92.084 56.2447 -95.8998 11.4396 65.3476 96.9029 47.0403 6.73298 -38.728 98.2409 -65.4388 -29.8272 93.6246 -52.1332 -3.20138 -5.6242 74.0739 -39.199 -17.5775 -25.2702 83.6293 -42.3867 7.14477 82.1381 95.8337 76.5836 
-59.5172 94.4354 -24.7041 -2.0383 -57.6328 -34.9483 23.3744 53.0488 -8.03414 -29.8382 -90.4751 -15.5237 92.8046 -32.6774 -9.6517 -16.139 -48.0847 39.9949 -5.7252 -23.3779 87.776 50.818 97.9971 36.8277 -37.5584 -43.2125 -71.6658 -86.4725 56.0145 35.0985 -99.2028 98.536 94.3959 -87.5037 -74.2406 38.8411 2.67933 31.5724 37.4771 77.5079 75.0197 55.5074 -87.4952 68.8662 33.6049 -2.88327 -59.0353 -7.03338 -9.97827 95.2361 32.6283 -16.8552 -84.593 45.7922 29.3633 -91.4886 -49.078 -53.2892 -30.7888 -66.654 -53.9806 -52.7358 69.4737 43.9034 84.9114 -93.368 -35.8958 -99.9624 -68.5701 -57.5602 -13.7264 -99.0864 54.161 83.3611 50.2273 -30.416 -1.83638 
-64.0941 -29.0885 -90.9848 17.9313 -29.0371 -25.9769 5.65824 98.0775 -11.8761 -1.98023 -81.6454 -15.0779 -14.9213 17.7504 -69.6927 75.4929 8.3899 8.99334 -48.9055 44.9109 16.9217 2.53974 85.4022 -44.9618 -72.527 39.232 -28.2827 53.1295 -53.2755 -1.94259 -49.1136 -52.1175 60.5817 -3.39751 98.0953 88.3074 -17.5009 62.7295 94.192 85.5765 84.9256 -54.6199 3.25422 93.7543 -71.1057 -73.3226 67.6281 25.158 29.6679 27.799 17.8337 -69.4409 -93.7566 32.3683 13.8864 -11.7308 40.1491 -14.3862 11.8123 -69.8661 -39.3617 48.2663 11.674 4.23088 -91.5444 13.7738 96.2679 -25.5212 65.7892 -81.6298 48.7912 34.2211 -46.5697 -97.0348 -63.9909 -95.0594 -62.9531 
-53.4304 -5.04779 -38.2145 -71.5169 16.153 84.0685 -59.9917 -80.3578 25.6157 -76.9266 94.1518 10.0889 -36.3388 54.5057 77.288 -20.2929 -63.3103 -56.5123 -2.99305 95.8073 33.5735 70.2925 6.29359 -23.6916 15.0414 1.41691 13.9598 21.849 15.8557 87.5297 -88.2341 49.6672 -42.7473 -54.5974 -17.8368 16.8446 -92.7948 -2.37557 73.767 2.78851 66.5351 55.7474 -54.2556 -73.6997 -70.7762 64.3721 -97.4608 -23.7429 -46.8672 -97.346 -93.4472 33.2004 -0.679771 -24.9096 -55.3643 93.0362 59.2336 -61.5958 -41.4283 -84.9116 90.7963 12.5786 8.05356 -43.8633 -9.75405 63.7377 40.2256 70.8931 99.8399 9.68713 11.6333 -78.3835 8.88134 68.693 -76.5084 -77.4148 89.3495 
96.3529 3.95892 -62.4367 25.9849 -71.5331 -56.0794 73.6458 -35.5189 33.4533 50.0296 46.7361 94.2214 -20.2227 -82.5194 96.8133 -58.9754 0.621056 38.0905 -12.8049 -12.5064 4.28235 -26.6022 96.5833 76.2977 -64.0815 -17.0941 99.3902 50.4146 -81.1836 -53.2637 -3.06985 5.0058 -67.5174 35.624 -68.2345 -17.6046 -79.7678 -57.7264 -8.02038 1.49363 -96.5332 -33.4103 73.404 -98.674 -14.0222 -71.3729 35.2165 83.1586 46.893 -68.9714 -3.09844 -75.4816 -19.56 55.8363 40.7562 -9.7179 71.3223 -86.6675 -21.129 85.5315 -71.3708 70.1456 -63.6929 -86.554 86.5673 -62.9179 -60.633 -59.4378 29.0677 -59.3845 -75.3233 41.0941 68.601 -22.7893 -19.1392 -72.0936 -77.8916 
76.0082 70.451 70.6166 53.9882 -20.729 7.17748 31.8248 78.6915 -32.491 -75.7715 -92.0915 17.5395 -14.0095 -58.4706 83.9749 -34.1406 -1.83824 -95.2587 -12.5609 88.6222 73.106 91.8236 78.5431 73.9965 58.7749 29.8358 50.9081 13.082 68.9285 81.0705 -48.3938 46.0766 9.32299 91.5425 -45.1842 -10.0268 79.1211 -12.2286 73.5991 -19.5896 -43.0838 90.915 8.83962 -32.4777 -52.1784 37.2855 57.1103 53.3394 75.2884 -27.2391 -7.09109 20.0309 59.619 15.7218 36.1744 -16.6772 -93.0103 -23.9168 30.1404 -30.4617 30.8194 -18.0704 91.4915 98.1806 -78.628 98.5802 37.5817 35.6282 2.67082 88.4485 -46.6698 20.7388 -43.4029 -72.0701 -81.7192 -54.8484 -37.0184 
32.0246 38.0994 -62.9253 15.0592 99.5656 -1.3858 -91.1599 76.0914 68.5458 49.5528 33.1398 -19.8124 13.7015 81.9112 81.8874 81.6657 -45.1293 -87.8536 45.1602 7.2803 -40.0065 11.2274 98.8821 -89.001 -40.4365 -16.2743 77.0574 -96.426 -31.1853 69.1065 72.4998 -96.2434 36.9894 80.8074 -70.798 98.4346 -9.82101 -61.7928 48.9144 -95.0656 31.8777 -31.9199 -78.2464 -86.9573 -91.0998 86.399 -92.0752 91.716 70.3998 9.41863 98.8565 80.8273 63.9609 -9.4456 47.7463 72.03 8.51371 90.003 80.6559 -15.6124 2.77975 -80.7806 -80.0389 -13.2353 -45.1329 51.514 -4.39211 -18.2718 -94.3085 -43.1143 -21.7262 46.9482 58.829 -61.3896 24.254 36.2793 -53.703 
14.3771 35.4451 -74.2224 -56.3484 -47.701 89.8138 -99.2949 -50.0035 -9.13409 83.3572 -14.9132 -45.7343 -56.0541 99.1279 42.641 67.9155 56.1816 44.1515 54.178 -30.2533 -66.4139 -18.2241 -92.749 -32.2358 13.0413 -15.5705 -92.8032 56.7639 30.3485 67.0786 -10.2693 4.45496 74.517 7.88875 -13.7233 -48.1994 -87.1405 29.166 -6.61497 22.1616 70.7931 20.0006 -50.6995 94.2459 -8.85932 -98.5292 19.2743 -57.6613 85.9401 -4.32506 -91.3232 -68.3502 38.5288 -46.3601 25.9787 24.1133 71.6686 -65.4782 -92.9179 -71.7834 -64.1773 -27.3586 -16.3674 -86.7795 96.2833 33.5129 50.886 41.0821 67.3976 -48.862 -23.0043 -33.1452 -71.1379 -14.3376 28.6396 -55.0705 30.2684 
-79.575 -17.6315 67.9651 89.1875 -26.1373 -88.8699 -36.5419 40.7139 77.9401 -61.3865 76.9959 69.4336 -29.4367 57.6161 -46.142 91.7342 -22.6797 21.626 68.2927 -3.86919 -29.5033 -62.2027 -41.1753 -33.4603 32.2243 -6.45119 -25.1728 -79.2821 -94.014 -93.9798 82.1334 15.4866 83.343 -54.8759 -99.549 80.2832 -80.837 -27.0718 4.09535 30.6128 -91.1595 82.9379 -62.1971 53.0886 60.2752 44.9669 -40.8023 36.5415 -47.2583 -69.8385 24.2161 -0.236175 30.6025 -64.2349 3.67582 -20.5343 80.6112 32.4802 93.9368 -4.26307 -49.3532 -79.6955 -42.4165 -94.1264 18.3454 -69.4476 -5.71597 -68.3062 -22.4898 14.672 -8.28899 86.8697 19.7596 98.8132 -46.1657 92.5127 61.0546 
-54.7381 16.7934 45.9039 -93.8061 1.3331 5.39018 -7.26277 -65.4591 29.2765 49.5713 -55.3942 -10.4576 38.7089 -18.7886 19.6347 0.403966 -10.5378 91.2836 4.22327 -19.5399 -7.82861 24.5866 26.7613 -22.7184 -27.7466 62.3198 9.09551 68.2907 -38.5322 -10.367 -38.1747 -2.6096 -59.5548 61.988 32.9436 82.9962 -83.0635 -48.8502 -24.681 -12.9785 69.9687 -36.5346 -36.4575 58.2947 -40.3389 23.8963 25.011 -40.1746 -14.7681 -7.50251 -94.6133 34.5677 -20.0695 92.7193 -67.5342 -47.8863 -24.61 -20.4011 -80.7967 49.0983 -4.54511 10.2713 29.0983 54.2883 23.2486 -61.4311 -72.1004 8.96415 60.5126 35.4291 57.3895 -55.4096 -69.8939 92.5698 20.3859 26.4116 99.251 
-88.6054 9.30075 -82.2762 -16.097 57.3638 -85.7801 93.4436 -92.9767 -58.6385 62.5797 -22.6134 -62.6421 -25.7069 -55.7739 8.49377 -45.1769 -88.1969 75.254 -6.42014 96.7427 -45.1117 6.98612 15.6378 24.3412 -97.0466 -61.7445 60.7249 4.00776 -41.5038 45.5042 -11.351 23.9385 -65.9669 94.2044 93.7908 -57.451 20.4928 23.0939 -60.1081 -37.1208 -88.9439 -79.6714 -37.4019 -13.5899 -6.23104 74.8794 98.8201 69.5863 -63.6007 63.7699 -19.2869 44.2347 52.2697 96.0677 10.4956 -0.767498 -99.3318 -69.733 -2.58065 27.0403 66.1205 87.1247 -95.4316 80.6019 75.8088 -82.1214 -13.8449 -91.1541 -27.3609 -54.9921 -52.0716 32.8972 -96.6182 -61.9841 33.7058 92.8076 17.9873 
-86.6264 70.4748 69.4093 -38.017 48.4634 -75.3504 -13.5929 -55.9692 -74.0718 75.8765 56.2679 94.0521 -65.6511 2.76808 -76.814 -12.2487 -64.2245 -21.9073 4.30474 -50.2994 17.5902 38.0363 76.3716 -22.4452 -36.3883 21.4247 84.814 68.9439 -60.063 -78.2056 -1.16542 12.8165 7.24059 92.6547 47.108 -55.7309 -68.4499 -37.2362 -28.1742 76.722 66.8961 -77.1181 75.2554 17.3564 -91.4569 83.8571 -13.9131 -37.495 22.3493 24.4975 -70.7346 -36.7941 1.02563 37.8076 32.4425 61.3705 54.0103 -49.5196 -76.6082 45.6197 -70.3613 37.2398 89.8115 62.2823 -21.6206 22.0971 -13.6004 17.6115 -3.96364 -16.8929 80.6869 -95.1338 86.6122 91.0824 21.4145 -87.0922 41.4273 
69.035 71.6467 -33.5352 -25.7112 72.2454 29.1487 -98.4462 14.8098 -91.582 -17.8486 17.9985 -99.6857 -17.9176 58.1352 79.0341 -73.3038 -16.2257 94.11 -93.3421 -0.12195 -49.6111 -13.1092 73.5154 -27.3938 -7.79986 -92.1993 6.56928 9.96353 56.9686 70.5387 -56.6141 87.5761 91.0438 -27.5371 -16.3321 -94.0416 42.2061 -41.8054 -22.7226 -99.4252 -39.6667 -77.8083 75.1924 -40.5527 30.0291 99.0032 -53.0055 -63.6173 -16.3687 90.8167 -43.789 37.7176 -80.9816 -58.4117 74.8308 81.2197 58.8572 12.9635 76.9782 -27.3846 -52.6671 23.5297 64.1448 81.1485 62.5951 35.7382 52.3596 8.22089 -31.459 68.1076 85.1475 73.4022 71.1037 39.6551 83.1149 -88.133 -50.8054 
-85.9009 63.5386 92.9109 -46.4824 -29.6469 -75.7861 62.4939 -65.4984 -32.3397 65.8826 88.6045 -24.93 1.31328 72.2686 18.3227 -50.393 45.0613 -55.1219 -34.2011 -17.5022 40.9002 8.99335 -48.7881 17.9777 -48.9985 82.2917 76.9108 39.426 33.1423 22.2027 -38.8366 73.5229 99.2556 -10.697 15.3666 66.4641 62.5062 -57.8946 -34.6639 3.78019 -66.2661 65.363 -43.5183 -12.8328 -80.4247 -98.0725 95.7576 -2.31401 -91.6323 -64.5381 -92.3816 -56.9831 84.4803 60.7696 -45.3714 42.5268 -52.5284 -44.1183 -96.5351 -65.5735 -94.2901 65.6939 -82.6044 68.3882 0.544333 -51.3962 -15.5474 94.5191 -17.0236 84.3807 -13.0826 -79.3501 -36.7892 84.3467 15.4077 -42.1763 -57.595 
0.5732 33.7698 -30.2151 -24.8316 55.0345 -35.2514 -70.3711 72.8626 1.64715 83.7002 -50.3414 -88.1902 -13.3909 -60.4629 0.387975 -79.3047 -74.2065 10.7327 -15.4504 -74.082 -96.6229 58.187 -51.7333 -81.4788 -13.3583 87.552 86.7742 14.3239 -58.129 25.1239 57.111 65.2167 97.0357 79.3979 40.3491 -52.4096 -47.9199 10.6314 81.2687 83.5483 -3.07141 -21.164 96.4266 42.5476 97.4544 -84.693 -35.4951 34.4859 4.13936 -29.8282 77.3614 12.343 48.9391 -80.5983 -16.2454 -36.3882 23.71 93.8481 -94.302 65.7756 89.8277 -65.083 -50.1555 35.7379 47.2052 -22.5664 -73.1242 1.13076 4.6449 66.8821 87.5194 -60.6474 98.502 -76.8742 -25.2736 26.4765 -10.2384 
-76.2811 -56.3152 -90.1943 -94.7705 -7.53157 16.954 -54.6374 -90.3802 -19.9039 75.053 15.8379 -13.2455 -16.9702 -18.47 -25.9673 -32.2983 -38.3266 45.1989 57.2712 -42.5483 91.0831 34.4485 -24.0598 26.5309 -95.0353 -57.7961 21.0937 -77.6073 53.5449 -70.6171 -60.8973 99.1697 -55.5559 71.8388 -5.60866 -64.6787 -55.2157 -9.68051 99.5935 67.121 -97.1634 -24.7481 57.9331 81.5791 99.3273 -6.76976 20.7015 -69.0647 28.84 -86.8704 -30.6147 58.2746 21.5838 -40.2457 -9.21293 -41.6533 -67.676 -31.2662 -90.3088 -20.3798 77.2283 -23.2453 -83.476 19.2062 -0.859093 -38.7739 -73.7381 83.9068 21.281 70.1819 -53.4505 56.7858 -1.88729 80.3585 -13.9372 -42.3859 20.1099 
-12.362 31.6104 76.3921 -77.3117 22.2234 -90.5929 5.25167 64.7931 -22.6969 -67.0841 -81.7892 -30.8418 42.3201 74.0695 85.8166 -81.1257 -79.8622 -43.2847 -85.2883 -40.8194 -52.3298 92.9814 -62.2807 47.8468 -38.9691 47.0351 -81.0194 -93.0238 -50.8737 -34.178 -29.2 35.6438 64.8119 94.0472 51.355 -76.5525 -17.8926 78.2923 58.883 47.2972 -75.6234 -3.30298 86.7841 -19.3094 66.9411 78.5788 74.6954 4.93582 -43.7487 -83.7863 3.40853 87.1486 -94.0923 -9.00702 18.9731 80.1037 -96.8035 23.5045 39.3764 -0.765197 -60.6617 58.4782 43.3163 17.3421 69.0405 -35.5357 -47.9829 -48.8321 79.35 35.4775 69.92 -54.8597 -27.5858 -34.194 -98.1328 81.5525 52.4885 
-25.246 90.4361 -39.6968 16.1871 57.3454 4.06712 -43.8703 72.589 3.55347 -76.8251 -0.000187242 -3.14698 -91.3446 -28.9001 76.782 74.2938 56.5112 -16.6402 -71.5027 54.9152 -40.0135 93.8146 -57.3232 -31.1657 -1.44564 -96.9235 7.55226 -69.1673 -95.4407 -71.4332 22.7363 -71.1103 48.6924 -27.5081 71.4855 56.2933 -78.0615 20.9174 -40.8147 26.6586 51.262 -40.0059 20.1682 -32.3488 -85.481 -78.5258 17.0177 16.0319 47.3436 -96.1327 97.3205 65.6641 16.5299 18.2528 -24.3812 24.3811 -26.9935 -80.3201 59.2636 43.3224 -81.0262 -7.55018 -95.9427 90.9002 -40.0405 39.5518 -52.5453 71.3603 -47.5928 -92.5777 47.0839 -61.0084 31.344 -0.998581 16.8544 71.2068 -28.025 
-16.7064 16.303 3.99509 -54.5031 -34.3228 -63.5577 -14.5919 -45.9934 -11.427 -53.6662 31.9606 -38.7699 -4.88482 -99.2482 -65.3364 90.5825 19.5973 -27.8766 77.8283 60.5917 -35.8772 11.8354 -82.0131 5.11289 -67.6606 27.9917 56.7688 -87.3557 13.2285 -69.1853 2.32216 28.5719 7.52483 69.8251 -49.9286 50.4261 -88.0946 -5.56975 -10.8028 37.6006 -47.3428 -90.9146 -2.28112 61.1441 49.4384 -88.4749 1.83462 34.4587 -51.9 -84.1282 57.4792 52.6159 -84.878 55.198 -87.2144 -11.8942 93.8605 -87.3212 -6.95653 81.5417 71.4959 31.8654 -38.2449 17.3524 41.0548 7.20237 50.2725 -69.3126 63.9076 95.6419 54.1308 -23.0206 92.2588 -5.97267 17.3279 30.1109 73.6377 
28.2569 -86.9795 -65.0875 74.2699 54.2405 19.9719 68.2997 -86.6756 43.6439 -76.9871 77.6301 -70.2939 -29.1278 49.0409 30.8705 40.9582 -15.6516 -57.171 -73.228 56.7724 -26.9596 90.3396 -62.9139 5.39021 -6.65701 -84.4343 -86.8716 -50.9085 -19.21 -63.0166 79.9622 -74.6595 -2.82349 -54.3659 72.523 94.1108 -79.0589 56.3414 -69.8981 23.3816 -26.2764 -26.8788 48.6247 35.909 -77.4901 24.4986 -51.74 5.41769 55.1426 -18.3222 58.5277 75.3157 31.2938 -44.8518 -24.2313 -54.7219 89.1807 60.7748 42.7065 -31.2055 -70.2324 4.46635 65.9547 -98.8906 -54.1793 9.21754 -80.8531 -97.7609 -67.0756 60.4551 68.4577 -30.949 40.2172 -69.6435 -97.9142 -43.9625 -77.0556 
-73.1122 2.56428 97.9286 85.5437 -67.1151 -4.04437 26.2479 -51.951 59.0362 21.5106 -71.4212 23.4889 -21.6142 -70.3091 -84.7042 -22.6611 -65.41 53.9801 43.9969 55.4321 47.1938 -13.6487 5.4707 -53.9317 -30.056 48.2272 -44.8066 -64.3612 80.6667 -34.482 60.7334 -53.4459 -64.8457 -61.3995 58.6918 33.2938 -30.9308 -53.9737 64.198 -24.4337 -56.9777 -23.4675 -18.0738 33.3072 -6.35157 49.1646 -89.9606 32.8319 5.45333 54.176 -63.4026 -7.86935 -60.1268 48.7522 -21.1466 -10.4884 -77.7469 -92.198 28.9073 45.1184 -94.3208 -50.2548 -32.365 40.8857 -34.2126 -11.8622 31.4694 -93.578 33.8357 76.4038 -81.4318 -23.7074 -49.4679 -7.51652 69.7645 -68.3897 -25.0205 
80.1175 -64.5372 -76.9417 40.7653 -57.3401 85.7499 -2.16545 5.20956 -42.9095 20.1951 19.4143 96.5716 78.6083 -29.6873 45.8304 72.2479 69.6579 -58.8548 27.9575 81.5009 -14.6278 -49.2531 3.2478 -14.1431 96.3319 49.4635 -66.5507 82.9161 -29.2585 51.902 -82.699 78.5896 56.1028 -80.6728 -67.9855 -32.3785 15.2045 -57.8715 -46.933 -3.73473 30.3639 -73.2613 97.8506 -24.4074 -14.8661 -53.8153 -73.423 -20.7405 14.8898 53.6003 60.4094 -99.3122 59.419 55.8677 -31.0452 22.9888 -27.7249 27.2759 26.6171 -46.5668 -49.0404 -21.6589 -20.9815 -36.8841 88.3763 -59.7336 58.1899 -1.52714 -66.5678 -5.21639 -71.8517 -11.3978 37.5042 -66.916 -57.7174 -56.4455 -79.8558 
62.8628 -64.5753 83.0444 -72.3206 -91.5311 37.3716 -95.4324 67.4129 8.32818 -28.2103 68.9528 89.4974 -17.3817 65.4207 -74.8924 82.5941 -41.0864 60.3149 -86.7644 -49.9936 -42.9333 19.8262 19.709 48.4672 -11.0004 -83.5912 82.111 39.0429 -5.34405 -17.5103 -95.7044 95.824 -86.3238 -44.885 18.5328 81.0699 -58.6385 63.1119 -78.0438 -81.4802 -37.4979 -27.6017 97.7184 -46.143 74.6039 67.4096 -47.3032 -25.116 75.2016 -87.3703 -33.4587 59.7324 -77.4334 -23.5864 -15.7984 76.272 -96.2317 34.5504 89.1935 74.3502 3.71474 33.553 -75.0523 -3.83846 86.9823 -88.9498 20.8523 64.6957 -59.4772 -32.8678 -9.81496 39.9782 -86.3037 94.3021 -65.2668 60.1285 -20.571 
62.4141 -5.86749 -14.8581 80.4664 -0.669177 -46.8644 -49.6067 60.7529 74.5447 73.3949 -51.3148 -48.1195 55.7862 -1.76649 -89.3795 -1.70161 1.06068 26.7826 -65.0032 91.0134 61.4182 55.4853 -59.2493 -2.37819 29.6795 24.1203 -9.36587 -12.1758 -38.6574 85.4119 -82.5083 83.6491 90.0258 64.2357 9.22987 -73.6531 -87.4349 81.5874 39.2377 67.9613 25.9254 -72.3864 2.18973 2.71176 -23.4196 -12.9549 67.5717 77.7165 -19.2741 60.9468 -66.3767 7.43932 32.6485 -75.9636 80.5376 -4.31002 -38.5706 -55.4821 -87.5909 59.6504 -56.0891 -88.9643 -22.4507 70.553 -15.4914 35.291 -64.5847 -75.6227 9.48531 19.5299 39.7871 -98.7434 20.2448 54.0058 75.8387 21.1987 86.5408 
91.6005 -70.4568 32.2597 -11.6315 -90.1983 36.4154 33.3124 81.598 18.2127 -99.5919 -40.4456 30.5605 29.9283 5.17655 2.27293 1.16342 -46.3603 21.7994 -17.0656 -21.5734 15.3513 9.37728 4.01107 13.9977 58.8826 39.3519 -12.786 -93.8261 65.1702 -84.6088 -20.4249 -81.1155 91.2348 -16.7754 56.0234 -15.0954 91.9076 91.1292 8.30111 -83.2589 67.3368 -70.751 87.9979 -20.0642 -18.8631 -32.5265 -72.3193 -70.6096 64.1869 -11.2851 -69.0545 1.70723 93.4866 28.6209 30.6585 77.7704 86.4701 -97.1389 -13.5601 95.4768 78.4808 26.8784 -55.4368 73.6002 -1.38237 -33.5734 -68.8634 12.5065 -2.77655 -65.5273 81.8806 -32.0123 -31.5021 -55.1584 -48.006 -36.8431 -22.1879 
88.1769 -11.1304 -69.2958 -54.75 16.0501 -45.7469 -68.0782 8.90932 -61.1425 -22.8084 58.9529 20.8347 -31.5199 45.7021 -85.3444 16.5319 52.4697 58.8285 -69.1503 -8.61676 -21.9582 -51.1738 -77.6155 -84.4841 76.3361 -18.6017 -38.017 48.3382 20.045 96.7219 5.62871 1.65244 -27.4705 -96.446 32.2167 65.6065 47.6817 -12.8472 77.0893 40.3299 24.9389 -51.0814 74.4975 79.2 -85.1347 -58.2788 -91.921 83.8361 33.0613 61.1877 -18.04 1.26679 90.934 -72.6037 -49.8869 -48.7491 73.6052 81.9747 -50.8995 -67.6978 3.33162 -5.48432 24.9744 -55.321 20.3141 18.6572 -28.0624 -44.0791 -36.9475 23.5205 -91.1883 -1.94791 61.5234 23.1099 7.89181 37.6662 55.2251 
-31.4739 17.6623 49.6193 -48.0291 -24.8479 -18.4955 -54.6395 74.7392 -57.5181 93.253 -96.0701 -50.2692 -74.2718 -86.9156 9.76257 79.4801 22.3748 53.1399 -77.6158 -88.9028 10.1009 -33.3666 8.11852 47.956 -4.31158 -64.6684 -81.3904 70.9017 44.9205 -21.7189 -30.267 -97.428 -71.7319 2.71365 8.36017 -90.6123 78.543 72.4422 -64.6298 -33.3812 -37.0081 5.50864 -16.3659 -61.9903 -70.9265 -62.1896 -20.6861 -71.9701 -1.27564 -39.7446 13.0999 -29.7093 75.1407 90.1427 28.0564 -55.4332 -66.0287 54.8078 -45.2391 66.5242 72.4225 4.59494 27.2332 -91.4664 -75.397 2.55865 3.1669 26.0049 63.6437 60.1583 80.5373 -9.77909 42.8231 -72.4812 7.69691 -38.0951 -64.7685 
36.2579 -13.1149 -21.7754 21.1129 44.0392 -32.7455 45.7934 50.4945 60.5394 85.292 -97.933 40.7523 -76.8509 -33.5169 81.9997 -30.2306 -85.2775 -59.4793 -69.1634 -29.4613 44.736 77.8445 -67.0382 89.6106 86.0163 76.418 -42.5976 62.3583 55.9074 35.0993 -85.5583 21.5158 16.7147 -76.8637 -47.8389 -27.7134 20.2632 -35.6802 -77.169 21.1027 72.5416 6.01044 17.4893 -58.1163 38.6194 76.4338 22.8009 13.9845 36.8673 27.993 77.6761 -97.3084 -62.7138 -31.2229 36.7202 -43.8578 82.5126 -10.9703 22.49 -10.9717 -0.644771 -36.6734 30.0228 -6.46337 -29.931 -49.8182 -93.8165 26.0788 -93.9922 73.8784 73.8668 79.0825 -59.6963 83.9238 -92.2895 90.1523 -9.86885 
-65.6861 13.4675 -51.3402 -75.073 48.522 -90.0293 78.2436 40.6424 76.7771 -7.57468 92.3245 98.3265 -27.0727 -10.0485 -84.478 -21.0977 10.4195 -79.1486 -49.9529 41.2448 0.650606 -65.2669 59.5399 87.7873 40.8939 -96.3574 -78.9543 14.7356 61.5757 -97.4911 67.3036 -28.1528 35.1885 13.2838 60.0912 -47.9422 35.4712 -35.221 40.1868 19.3948 -31.7963 0.246329 -59.9485 45.7054 -29.6254 86.6609 -90.9994 -27.4223 -86.0802 49.4144 -92.5175 58.2915 -94.7838 -31.8807 -18.9734 -85.6824 -63.3319 -18.9781 34.8096 44.2784 -13.4463 8.11935 61.9135 -19.8202 81.8632 75.2548 7.9929 -63.2666 77.6496 57.0691 -40.2178 59.5788 -59.6814 -64.4819 52.9859 -65.5551 15.9221 
2.69497 94.4304 91.9372 -11.0198 -9.91953 82.4966 -80.4713 -81.2447 -80.2414 -17.9376 -76.4937 -29.5584 12.1773 63.5437 -21.5531 -43.6882 -67.9596 3.23569 -17.815 -16.7592 -72.3202 -85.8538 54.8831 20.6683 -27.7814 77.6822 4.78343 -4.88261 -62.037 -55.7689 91.6474 -82.4854 67.2304 -58.8244 -61.0761 94.3056 -5.47338 8.8299 4.09052 -50.578 -64.1737 33.3255 -98.6657 -74.2323 -22.3238 4.11832 16.625 15.6273 48.6392 79.6096 -1.22775 -34.7367 -20.4721 -75.2369 93.8702 75.7553 19.6274 78.5192 72.5648 -3.76209 -29.4713 76.6115 9.38719 -29.4485 59.2067 86.7757 38.9691 -45.6342 26.2835 -53.6235 -50.7527 -0.48653 22.8944 -14.6575 51.9724 -99.9906 58.6734 
-76.5756 -6.57675 64.5046 -70.4753 -77.6645 91.9581 -60.9573 91.1912 50.7109 97.8194 51.4106 57.6202 21.8833 -8.11878 -52.3403 -83.1573 -25.4331 -54.4135 72.8919 94.1434 67.3249 -69.7474 -44.4186 56.7715 -40.5775 14.5882 -16.1746 -45.8393 -21.6501 -73.4185 55.4962 -75.5159 5.04381 -28.6555 -13.6526 -59.1469 -82.5257 -9.83821 49.278 15.7744 -78.9872 61.4974 -13.1304 -82.1117 -51.8719 -11.3983 29.2662 76.4082 -7.87955 -31.5744 -70.6499 -13.5767 16.2617 -89.9565 -99.7173 50.7267 -36.9152 -33.1057 -6.71043 17.7246 98.0726 -93.4707 37.6557 79.5075 82.1067 -33.0317 36.8574 61.9565 -96.4993 -64.2188 74.7374 -88.1646 17.5822 -95.3908 -32.4558 -84.2201 -87.2974 
-7.5456 -18.9782 33.5088 -17.302 4.94916 -19.5326 -84.0014 -10.837 63.048 47.9389 -91.0697 -9.22594 -60.3957 -69.932 53.3417 -86.306 54.9949 99.346 -92.0417 55.0064 92.2409 93.5151 -91.7385 -49.6876 -98.9379 -48.465 49.5593 -56.0341 34.1904 38.427 42.9693 -14.3705 75.1196 -65.1369 43.8561 89.8447 19.5026 -20.488 58.7057 66.7622 72.8273 8.39271 56.2834 -44.9744 -85.4903 -35.5212 -4.70492 -75.6103 17.4272 99.6382 19.8346 -39.9282 -73.9175 68.211 23.0648 49.4071 -15.5339 -78.9701 -50.3592 13.6157 39.0355 70.0351 79.9815 49.6292 -81.9567 -45.5986 24.1993 -82.3001 -17.5898 -31.1679 -38.8087 -58.324 -52.2559 -64.8971 73.7679 17.4113 31.7385 
28.7313 87.6509 -51.3933 32.5675 -37.4669 93.3762 -26.3382 -66.6604 37.9356 -15.8976 8.85309 -6.14846 62.8093 36.477 68.5454 42.5247 -87.794 46.6083 -54.1169 56.932 56.5381 35.6003 -65.645 -96.026 90.9396 22.4147 -75.9086 4.34659 53.1268 -97.5493 88.7899 91.5788 -35.9138 -3.68034 -55.5146 -33.2986 -49.3959 2.7313 -94.9829 22.9397 -52.8402 -86.0373 -29.0492 -29.2152 -20.2394 36.8286 -21.962 85.2918 98.6203 -88.4896 -45.4348 -23.035 51.3084 -59.8562 -3.72651 -31.5006 -31.3005 -68.2126 -49.5789 -73.1257 -24.1766 64.0532 -58.4877 -3.54714 -16.7863 72.0771 -0.345227 -2.22207 53.6185 -33.1867 31.4011 -41.096 -99.7374 -87.1471 -81.0746 -21.5912 -83.2857 
16.7649 -32.7522 -66.0062 33.1908 38.5118 68.1574 -77.9194 8.77556 90.8064 -15.9973 -67.1576 81.7509 -12.4545 77.6457 -9.13263 -92.0601 -54.7206 -89.4173 -35.9897 -78.9794 -6.55471 35.0551 -29.7427 -85.8378 -75.4358 -50.2279 20.4108 43.928 98.2502 90.7599 1.34852 64.6449 87.1997 -34.6771 -18.1835 -9.47565 -57.1797 -19.9098 -24.453 18.0918 69.5671 13.5225 72.3201 83.1459 33.0422 -60.1098 -65.1642 -15.1463 35.3381 -72.5546 -25.155 19.2125 -95.3894 -9.23337 14.7049 -55.1854 99.1258 7.96866 -70.7935 -26.5168 -67.663 -11.2372 -63.2405 -83.4726 75.3072 88.3139 91.2966 22.1376 66.018 -35.4795 95.3998 -15.3871 -10.7179 63.7294 99.9504 66.5011 83.4081 
39.9126 11.3303 28.5363 9.40708 -95.1733 22.2912 47.9341 28.2138 -11.0502 79.6744 87.7974 11.7154 -99.9783 65.05 95.975 52.4063 -6.70662 81.915 -55.2966 30.2609 -5.69228 -70.1647 -58.4389 17.5016 -50.5078 -84.7821 67.6946 -56.8796 23.9378 -76.5889 -28.8816 -13.7524 62.5899 -51.2018 51.6863 90.9388 7.68549 -30.0259 -44.8698 73.5785 34.5099 7.60121 -46.389 -59.311 -39.5161 52.4553 15.7916 8.99185 -74.0501 40.3051 8.14252 51.3959 10.8219 82.9644 -17.4699 -17.3304 -71.7753 71.7934 31.2499 17.1372 25.4224 74.6058 99.0406 -24.1787 29.3542 -44.4253 -55.3036 -88.0112 -4.7467 22.2063 20.7675 39.0098 38.2684 -23.0223 64.0933 15.8354 -55.1056 
40.0161 -49.0963 37.9371 8.85563 36.5694 22.3646 81.4466 72.6955 -7.34008 35.2368 25.5325 -74.7193 -7.42564 -2.69729 66.6397 12.797 79.0261 -7.56669 26.7111 -66.3133 71.9148 71.3668 61.7556 -72.9093 13.5245 -93.0952 -51.3683 52.961 -85.1768 33.2579 -34.502 -74.5028 30.6292 -14.3376 27.1197 0.291052 91.7148 50.5693 -81.029 -53.9089 -46.877 -61.6653 -8.23192 46.0977 -35.3896 7.28061 -34.8567 -36.908 87.1841 -97.2142 -79.5943 58.8703 32.4149 -3.44227 -54.1502 97.032 16.8668 79.7294 12.1871 29.2561 -93.0421 41.1618 6.47371 3.61376 -63.5874 87.1267 -62.3511 64.5248 68.3846 -59.7438 86.7142 5.53465 20.8229 -29.6068 -2.02339 -7.17023 89.9629 
7.13739 -41.9693 22.2044 -10.3736 50.1508 84.6914 8.10277 -16.7444 -22.767 -45.6335 37.3077 30.5048 94.9042 54.0893 78.825 11.2524 -80.9812 -51.1504 -84.4094 -68.1624 -5.5504 -85.5937 27.3113 20.6103 -1.98282 74.7351 72.2136 94.376 -22.8949 5.38635 -71.6362 9.92589 24.3803 -39.4938 27.5246 6.44299 87.3317 -16.8578 70.8374 -35.6037 8.17444 -12.2599 -51.9416 17.9365 59.5308 -65.4436 88.8474 58.1604 -98.1572 71.5478 -96.5416 25.377 -89.215 -36.6234 69.9175 -97.191 -89.1743 47.7393 -44.9664 50.1188 -53.9585 -80.1662 46.9555 -18.0967 49.2516 -28.6913 -15.2061 30.7657 78.9576 40.2618 80.7692 87.2112 -41.0966 90.0836 34.8057 -21.3567 58.0472 
-0.354707 38.4471 -18.98 2.54301 -59.7146 -23.0686 85.3555 -30.8529 55.2464 -73.6805 51.8001 4.77092 -15.138 -24.7155 7.2503 55.8533 -74.3185 -71.3103 87.561 38.3053 -3.63718 69.8772 25.5181 83.2549 65.3987 -43.923 -13.5 -94.3596 97.5645 -34.0963 -57.3392 99.914 54.9235 99.7217 22.0993 22.3414 91.7497 37.918 87.9729 -39.052 53.0335 -65.6923 -90.5919 22.2286 -3.43688 36.368 36.7821 -3.09779 -64.5748 91.5016 67.4133 15.5801 54.7042 12.8443 74.7096 44.7405 -46.9973 -83.3511 -81.3593 -5.03679 -53.2477 66.2606 41.2167 -70.4436 54.3439 -42.74 68.6664 76.0189 49.5481 -44.947 -24.9398 37.1599 -53.915 50.0529 38.28 -28.0831 7.32035 
33.2006 2.38034 6.36558 -13.6833 25.2378 -28.7766 -48.554 -46.9833 -48.8073 95.6909 77.5009 -42.6341 47.9382 97.6963 -18.567 -56.2751 -16.3313 -80.7509 19.6779 -72.8472 56.9314 45.8974 -3.17645 13.3589 -76.7454 -59.3964 -74.495 -37.7688 19.8775 81.7334 93.9894 79.3653 93.0793 -16.3984 -7.92182 58.0464 -13.6814 55.9015 -63.7227 13.0984 -55.7665 -66.7711 -22.217 -1.69279 -50.6735 -68.7437 24.4626 -57.4274 17.0706 -94.1053 -27.2219 82.364 92.5103 20.2182 7.39093 19.3432 -98.7545 33.3026 -83.9093 -64.0083 12.4175 -98.2455 -11.316 12.4314 -66.1404 -21.4406 48.3506 29.092 -50.0341 77.1477 21.8662 -94.8989 34.7963 22.1425 -50.4872 62.2595 -4.78088 
47.6803 -36.7223 7.91282 -9.26597 66.8465 89.1841 -82.3963 -35.1062 -29.8399 80.1055 -66.0694 -27.6015 -98.5233 -81.6971 -83.7204 -88.7971 -12.4758 -80.9147 66.0263 -96.5333 -35.3246 99.261 80.2642 0.155516 13.7608 77.7995 -23.9545 -3.41672 -24.8723 -28.9808 -80.0898 -68.8046 1.71264 -15.582 -86.4338 -93.345 -49.8069 95.8947 -97.9366 -20.9821 -46.9238 -48.2983 49.7591 -98.1993 -35.3393 52.588 45.9499 80.4895 -12.8272 13.4573 -23.381 34.9605 -18.7915 -28.9592 82.2774 36.0167 -67.3855 52.4462 62.8721 92.1493 -46.4404 75.3775 69.0907 7.85423 6.06564 -54.7385 10.0564 18.1758 81.1326 -4.70046 -0.647785 -87.3304 38.5353 62.5282 -88.7749 -39.039 70.9541 
-74.9041 86.2414 59.962 -19.3715 23.5358 -34.1062 -22.3754 -63.7321 54.3733 52.6598 52.8105 -13.8125 52.5187 81.8605 28.8038 -95.0873 68.0251 97.3866 -23.0384 -6.78049 40.3726 -57.5489 -24.5098 63.7099 -27.0854 -24.1294 57.1727 -97.96 -13.5591 -87.6073 -15.7439 -7.77825 70.9583 -3.29285 57.003 48.66 29.3356 43.7581 42.4487 35.8629 -51.5728 16.4867 92.6576 96.8195 45.9919 -14.5644 16.6718 2.76442 61.6817 84.8894 -64.2095 30.166 -0.307191 37.0389 -87.2308 -88.2277 -42.3633 -0.0372353 -25.8145 -64.0768 60.545 -19.4439 6.33188 19.8551 -95.7151 -84.1496 97.0076 6.24691 -8.17087 72.2318 -0.295441 34.5264 84.7001 -45.7695 -48.3944 35.3247 -97.2904 
40.9509 61.2646 74.3424 72.9909 -42.1224 49.2511 -36.992 75.8158 35.761 34.6277 -12.6702 52.6561 -8.30874 -45.0153 28.3156 99.5202 36.3399 -34.957 77.7992 -28.7333 79.6098 2.51795 -80.7513 12.2351 34.7163 76.27 69.6219 -64.8192 -16.8273 -16.1754 -59.7421 -85.377 69.2872 -90.5982 -83.2364 45.9452 1.28822 51.0644 38.7177 -70.9861 -62.9287 -41.9653 88.9336 -92.8844 92.2489 27.4462 88.1224 73.0701 89.0397 90.7154 54.3231 9.07421 -89.6828 -98.0392 55.559 -20.0188 -56.3885 78.638 69.4692 -31.8871 72.9711 24.6919 -3.7733 -17.8895 -69.3305 -37.6236 60.3555 -5.48056 88.1567 49.2427 22.0802 -98.8278 1.84527 13.4322 -45.7608 98.3798 68.696 
-26.199 73.7949 71.4816 -8.86902 -61.6855 51.0048 38.1869 6.63992 -2.92339 66.5195 -7.4644 -54.2237 61.4674 83.177 -43.6962 -1.43988 -0.0486527 -17.7061 13.5108 75.8923 -78.5685 99.5447 47.1492 36.1578 -96.5966 -99.8486 45.0085 57.792 -90.0284 92.7694 -25.2228 80.2551 47.0702 -91.6828 86.5763 87.735 -37.134 89.6513 -31.0829 -9.72466 -42.362 21.7295 7.0819 25.4452 58.2919 -87.2032 -24.3791 60.3417 -37.1646 -24.9857 64.8898 2.22483 -7.35687 -46.9476 -48.3416 -77.9742 86.8778 -45.1025 -38.1989 -9.06739 4.34063 -47.057 -86.4678 -63.8185 2.97003 -82.7665 -56.4327 -64.2378 -44.7663 13.1722 -14.0911 -28.3764 77.8441 -74.0428 -36.7097 19.253 -15.4501 
-69.2751 93.8865 -49.0241 51.1777 -55.8415 71.374 -17.6447 45.4833 38.1764 30.2476 -27.9001 82.6468 44.1323 -68.774 -84.4659 -17.7921 -32.4579 80.3061 -95.4759 -64.229 -96.5661 12.7285 -71.71 -29.4783 -41.7483 -62.8905 0.142889 1.53158 -58.7091 75.4025 89.2259 19.3973 10.9717 1.64342 20.8952 -14.7837 -69.7798 11.0305 -10.9897 96.7095 -2.9409 -27.7865 -7.06485 60.9983 -1.55347 90.8745 -72.5225 -86.0059 99.5923 48.5303 47.9747 -89.6305 -19.5903 -53.7167 -16.3239 43.4489 45.4531 -69.7472 -40.6651 -57.7053 -52.2649 -16.8085 98.9925 -33.0136 -59.0522 -89.9003 46.0524 3.19704 -67.3598 83.4365 -82.6726 -78.3627 -42.3256 34.3745 -67.4774 -92.1755 7.15886 
-80.9655 13.143 94.0811 21.326 25.9446 50.9069 -8.5501 98.4821 -12.0401 42.6416 77.4324 6.13198 60.2233 -27.2616 14.7074 -12.0433 -11.9708 6.74672 -7.80629 -0.397278 -77.0442 -82.4948 -89.3753 70.0349 76.4268 -94.8342 -77.894 35.5115 41.3201 66.4375 14.7456 28.4777 24.7637 4.16262 -38.8995 16.1867 49.3077 -85.2413 -50.5362 38.9035 51.6006 52.0905 85.179 2.78879 71.2466 41.4958 20.1484 33.6797 55.1007 77.8023 23.3982 52.8167 89.5691 -12.2226 -25.1965 -78.1436 40.4586 -12.499 -71.46 -27.4474 91.1628 -27.2877 -25.2065 -45.8846 17.3529 49.7514 -28.0074 78.9066 -17.286 74.8618 3.08979 -69.8916 -68.5472 -73.575 24.7733 -35.1636 5.58353 
42.3303 44.7861 -80.4107 -62.2327 55.4655 8.46501 71.4431 -56.606 23.7392 -14.5181 -6.14157 -21.3369 -9.64514 94.1299 40.4275 65.6214 99.4435 -52.6631 91.3358 81.2337 94.5389 -84.3919 24.5297 70.9581 -6.63315 -83.325 -43.6915 77.4593 58.7012 -9.33199 -42.7793 8.96607 92.7807 -34.2704 18.1329 -40.9157 -70.5741 61.295 -14.6614 -14.3608 38.3323 50.2046 -11.6338 71.4258 54.025 -1.82445 -63.4588 47.3407 55.9339 80.9832 85.3078 -32.0681 32.0306 -61.8138 94.9246 -1.83847 -99.0873 39.1531 46.4986 -98.5386 62.091 -36.2908 59.7702 -41.8446 -81.9659 -0.856556 3.86568 -29.5607 -27.1768 38.9298 92.6447 79.9884 -34.7362 -11.1368 23.0368 -20.1015 -46.3673 
-95.6118 53.0367 -12.617 -53.9278 35.2816 -21.7022 50.6652 -69.5999 34.6715 -75.6109 8.00742 -19.2436 -26.7312 -71.227 87.4355 -71.0656 0.164683 -32.1662 -16.688 -75.3396 -33.4596 44.0703 89.1449 59.0429 -66.4424 -97.5235 -77.3553 88.8645 -54.8779 66.3828 96.2914 -30.8045 68.9039 68.3109 -98.7253 -76.3738 -15.1746 -39.4517 -65.0874 75.7319 25.4993 -32.9539 -55.8556 34.2444 -54.7801 -89.0528 89.5592 22.2747 -28.4948 87.229 57.8488 65.2848 42.4186 -70.5376 74.7681 27.4773 11.0616 -87.6169 23.216 -8.22976 82.4857 -63.5974 -81.3344 13.0666 11.0856 -83.975 32.0244 34.0203 -20.4204 -6.43475 51.1168 -79.6699 -12.6878 -43.5625 44.2554 0.266032 71.2024 
98.9049 93.8884 -17.2272 62.9034 17.4615 75.13 -90.9125 32.8655 -28.9569 -78.1807 17.5375 -47.0556 -63.6273 16.0624 -38.4577 41.7785 -28.527 -53.7484 50.2417 11.962 44.5397 -20.6289 90.3071 -9.30252 52.5563 -85.4997 6.98565 7.76916 -23.751 17.3625 11.4129 16.5444 62.4418 59.8391 -85.0822 24.0426 83.7009 -38.9556 72.9839 41.2319 -16.251 70.165 62.5196 -33.6989 23.1228 24.9609 -82.857 22.1994 -94.875 36.6522 14.0276 -37.3716 95.3933 74.8982 13.6452 -65.0403 67.211 15.7067 -17.8414 -59.7442 78.4104 43.9414 -76.424 -57.3968 -68.0623 77.1331 -24.3749 -68.3272 24.5441 -86.9582 93.9221 -50.62 30.4592 -72.9065 60.4608 -34.6722 64.87 
69.5321 26.4994 -24.7099 -98.5296 12.9772 -92.9657 -74.1021 -34.2212 44.1576 -42.9115 -13.5694 -60.9113 64.0906 -29.7908 -94.1029 12.1088 -87.6354 -88.5036 -79.4088 -24.1342 -23.1618 -80.7402 0.050708 52.2486 -58.329 63.7578 -23.2093 -78.0656 -48.8844 -0.0396316 -66.089 42.4654 -84.443 -33.0228 -13.8718 55.8822 12.6898 78.0174 37.7031 76.6044 90.1384 -44.4189 52.0335 -73.5544 -28.8739 -82.9644 16.8751 20.4585 45.7709 70.7966 78.4401 -58.0354 -0.813252 -68.3242 74.4325 -12.4814 24.4879 -31.219 -98.0627 60.5308 -58.3376 -79.421 -28.1207 -24.072 22.1421 -56.9877 6.97266 -10.5615 92.8808 46.8103 -59.5873 -84.5242 1.81267 65.5894 -38.3157 28.0682 -57.0786 
