71 71
-38.8555 -44.7255 99.2537 -43.2766 49.8621 32.6289 -6.26295 -61.3505 82.0353 -33.5482 -44.3095 90.2848 16.8944 -55.2809 93.1016 -40.6153 -21.0241 47.5916 72.4029 74.8058 61.6089 60.3459 33.614 -49.8449 57.1816 50.5579 -73.5686 -67.6501 4.34956 -97.0208 -28.1464 -56.4288 1.18908 -15.165 -77.4553 9.2818 -0.825082 -67.15 9.53987 -63.4497 1.34648 30.2214 -68.6077 -89.1263 55.0763 67.1073 72.7351 59.0502 56.9763 0.780409 -83.6664 17.9848 71.3492 -34.8324 -28.9288 -5.76537 -98.4946 1.40273 -24.3641 -87.9529 -24.0525 -51.0975 3.51258 35.9007 -17.1735 -35.6366 55.5905 -90.4069 -67.9573 41.912 15.6264 
33.622 84.9017 -56.72 -92.6099 -94.2473 -14.1236 24.6606 70.1366 -14.3161 -10.2095 8.77849 -59.8968 -85.7774 -60.3542 27.2019 -18.1795 57.7685 -84.504 -58.9815 97.4805 -45.8043 -33.104 20.865 77.9674 -2.13516 -85.5959 -10.26 -39.6954 39.1074 78.9118 69.8137 -41.0939 -65.2795 47.4266 98.0379 -76.7904 -15.6928 50.2704 95.2841 39.5692 39.4065 -95.6059 -48.8958 8.48355 -16.9986 -95.1053 -35.1106 96.8536 18.2591 81.1198 -19.9272 83.8707 15.1882 68.1774 56.9459 89.8093 24.6061 -44.5327 -61.9239 44.6645 76.1306 -73.4866 -89.6754 25.9399 -28.0315 75.0111 -87.9187 -49.0007 45.7316 11.2872 -95.2761 
94.916 53.3299 -84.7796 -90.6973 50.6172 -75.9272 90.9725 -25.1407 60.8657 -29.4124 65.179 63.0982 92.2507 58.1303 -4.82541 99.2963 72.7469 57.9464 -94.2909 52.1965 67.3262 -48.5505 12.5268 -61.7738 -32.5602 -38.626 12.8857 -30.2008 15.5491 -67.0329 -22.2644 1.51082 -7.65408 -42.1121 21.4516 -63.6546 -42.5221 -68.8464 99.0456 58.7229 -43.4711 -19.4894 42.0838 -97.7722 -57.6696 -52.992 -36.8326 -45.8817 66.2379 61.0837 33.9561 99.3606 -46.5676 -62.2685 53.1716 54.9029 -47.3371 5.19161 55.4497 -56.6204 -18.6716 -13.353 -23.1491 -67.0631 71.0502 -60.1238 99.3028 -18.573 44.2877 -56.5448 51.3885 
86.2918 -93.7054 92.8854 -74.7695 -50.9502 80.8042 76.1345 -6.69169 -67.2687 15.1227 -32.6156 30.2755 41.153 57.9809 84.5442 -65.6075 -65.2864 -68.2534 64.2989 72.0633 -31.5628 -75.7123 -96.6572 82.5058 75.7994 -39.9213 42.3479 -59.0234 -6.51084 -27.6931 -38.5618 91.1183 25.6415 -43.6964 -5.27793 93.82 33.4439 91.4861 6.83905 -56.1535 28.8649 -68.108 -90.7997 -69.9928 30.7326 -76.7804 -47.6137 -44.1914 75.1835 9.80238 -51.4029 71.8797 81.282 -92.857 -47.3868 -30.4721 55.5056 82.8601 30.0322 -48.2345 -77.853 -74.7772 19.3606 -5.57557 91.4615 -6.29777 -46.6064 86.2379 0.458073 98.8253 -43.7289 
48.9408 -51.6815 -10.4258 -25.8437 44.2174 -37.7631 -83.9004 86.2235 -40.8164 -0.722725 53.1564 -0.786171 -13.1833 28.1944 63.9098 -68.8201 -59.0808 29.6264 -69.2221 -16.501 67.2012 50.3042 62.544 -22.6235 -33.4776 -58.854 40.1322 -98.3159 5.01142 26.8921 -24.0377 -1.23288 78.9368 91.4171 46.9383 91.185 -53.4268 56.0104 -33.0065 58.9648 21.0222 -79.0521 -28.0036 -57.08 56.5908 -78.0869 -5.75118 -60.1034 42.4296 -86.2501 -4.93449 65.999 45.718 -17.4775 55.1765 -48.6518 -90.0262 -71.1292 -67.7137 -63.5147 -91.6013 57.0299 -98.489 95.1407 30.032 -51.8879 -79.6925 8.65839 -78.5209 98.678 81.3133 
33.2754 59.3438 -9.32434 85.8142 80.0555 92.7087 -45.6827 10.0573 33.683 -89.894 -48.3151 -31.2764 -62.3262 84.2671 76.7308 13.7751 -81.1405 71.4581 -3.88779 57.8411 -65.3013 81.8083 -47.5805 -86.1431 -6.98581 -10.546 -45.8563 93.8692 59.5203 -42.3603 50.8389 48.7311 23.8806 -38.4074 87.2596 -27.5815 38.0872 -67.7367 -49.9339 -38.3531 -0.148159 -90.1026 45.5607 -60.8337 -32.7689 53.7769 27.9166 -5.56512 67.104 17.3589 -49.7236 95.9586 -24.093 68.4685 -49.6339 2.46266 -10.0231 -58.5779 81.1801 -5.79408 18.9205 -2.76708 93.6219 -97.1975 2.21449 18.9306 -33.3857 87.048 15.4276 91.8296 -19.4104 
-31.0915 45.4499 77.176 96.3633 -21.8793 74.2704 62.3408 -38.4173 -80.1918 16.211 57.7346 -54.2293 -31.1921 -45.3119 42.6522 56.1882 -44.4793 36.9033 33.4816 -75.0366 59.5643 96.4725 12.6529 57.9623 -27.7154 -12.894 91.3265 -74.677 -96.0462 -49.1365 -36.4784 -91.7318 63.6242 -68.5336 -43.4891 77.8994 54.5826 -30.9181 -40.2105 -17.8869 -25.1475 -54.1944 -45.3586 57.9742 -27.6812 -38.5668 7.75653 -35.9552 -98.2252 -71.2931 -23.1325 11.5666 0.46095 -52.8062 86.1094 40.953 97.8638 -2.34511 -14.2804 -10.6454 81.9601 -96.253 75.259 78.7229 96.3399 -14.8116 61.7713 -9.5864 81.3293 -98.6668 -92.4897 
-73.676 -71.9773 77.5972 -23.7841 60.6494 -66.0711 -56.8393 -97.3923 -72.0598 91.1168 -0.642602 -0.204093 -30.192 -36.783 -12.0462 -61.0453 12.2 44.5814 79.8155 59.2703 -44.1767 -77.9368 -83.2858 16.2436 6.83112 10.6793 87.0921 -43.7862 85.4756 -11.0908 -3.61459 49.6658 -66.5442 -8.39599 88.6205 45.2535 -24.8569 30.3225 29.907 46.7304 -2.11647 28.528 69.3276 -11.1206 95.9924 -55.5871 -52.9083 -30.1508 56.3156 95.5491 92.9251 -7.30699 -8.53371 -26.0188 -97.7445 7.83032 4.18628 -41.237 -69.8751 9.09164 3.15181 -27.5429 86.5364 16.7773 -24.3266 -56.8626 -90.3527 41.9051 99.0104 67.9635 63.3589 
72.8543 62.4458 -73.7072 2.27696 68.8333 81.9711 87.6573 55.4351 97.0681 24.06 -24.0531 -60.101 82.4411 -12.462 -48.2853 68.9335 -35.0574 -10.5333 -33.9276 -20.6732 -55.081 52.8321 -51.6927 0.745858 -64.3658 3.48776 18.774 -65.5909 14.1432 -95.6807 94.4804 -67.0865 76.7749 -44.5073 -34.4977 -3.18897 2.9548 61.3582 47.1218 -24.6416 47.8206 -78.8877 -65.7289 94.9411 74.7908 9.26482 -86.2496 2.33151 -14.3185 -50.3009 -6.69505 76.2797 33.0568 -13.8046 -13.126 -8.93048 -94.6301 -48.2726 83.1897 -30.2617 -8.11187 63.814 -78.2284 15.3957 -44.3455 84.5692 -44.9887 75.292 33.0615 65.259 7.91737 
67.1554 80.7326 72.9132 52.6819 23.8602 19.0309 51.965 -23.655 30.0829 3.72837 62.6887 9.38629 -44.5784 -29.6454 -49.4332 -23.4659 8.74245 -65.6155 -0.275601 -32.0233 -16.2983 74.5879 -0.873669 -83.7581 77.8023 23.8693 -28.6085 -22.9905 -1.48466 47.3912 -96.8006 72.5445 55.1569 22.1837 41.0649 -22.0122 41.5778 -1.09268 35.3564 35.7433 -62.2969 -24.8145 -57.6626 64.3362 98.7645 -64.2545 73.8257 -12.1533 -61.298 -35.9799 85.9488 -58.13 8.2518 87.9474 -68.7369 -60.9187 -60.2125 8.13523 -71.1932 55.5235 -16.5603 70.3237 -70.2303 39.1137 -16.2572 -34.1292 -10.0452 -30.2224 51.4648 -31.2449 67.026 
-94.3563 -46.0919 -67.2519 96.4963 13.9438 -47.1809 30.6959 -94.2997 -94.7889 82.4346 79.0145 -3.87081 -56.7062 -61.2468 25.8458 -9.58887 39.8605 -64.791 57.1502 -77.265 7.53855 -99.5475 -94.3876 28.0606 13.9929 -20.6177 78.4999 -51.6488 -61.8662 15.5726 -72.0235 -99.6364 11.0905 -1.65569 -27.2124 41.9202 -46.6028 -54.0782 -92.3695 -54.9877 22.1772 -68.1067 -68.9265 -48.1825 -3.5129 -41.3917 -69.7386 -97.0574 -44.5231 -99.0869 46.1922 -48.4148 92.8882 -27.9803 -65.4375 -8.33759 70.0832 88.9605 -41.6691 66.6563 92.2078 -64.0918 9.16206 -13.1991 -36.617 -22.3823 20.6192 -53.2145 23.9348 71.5411 -8.72634 
-63.5858 -87.0244 -19.3445 77.7829 98.0403 -36.112 65.1148 -15.5069 -24.7902 -49.4376 -98.3267 23.4913 18.3566 -80.5175 -57.2026 -4.70736 83.4249 -77.6635 -89.7392 -46.6859 -50.2023 49.9094 27.2809 -90.6363 76.1596 14.9101 -5.54409 20.4662 -25.1989 81.6946 41.145 -76.7704 -80.4769 24.1971 80.2022 -41.4403 -87.3876 76.6792 -52.7119 70.4906 -65.0623 97.1365 -27.5283 -68.8645 -6.42233 59.929 27.4404 -9.32843 17.1472 -6.19012 -37.2672 49.7898 16.8697 -70.426 -49.9477 -71.5679 -42.0819 -70.8566 -86.2604 21.3655 90.0214 -9.92386 9.76454 -87.4441 -72.625 -7.64743 69.5717 91.9959 -24.5858 -13.4095 26.1849 
90.4263 -5.19475 91.8115 76.0812 96.6474 -46.426 -82.1569 -11.3099 -85.901 62.3427 -6.06313 97.0244 88.6129 -82.62 5.5302 -53.9158 37.1315 69.3918 67.53 -24.0475 34.4916 -99.2363 -64.2958 -19.3308 -93.1283 -6.74781 -10.4839 -3.41361 27.4063 17.1365 12.3414 22.3467 -19.6949 -12.0092 -37.8064 -12.8093 -85.6752 57.501 19.2406 -23.5 35.3952 86.4856 -37.2111 -6.84784 -91.6835 74.9322 -14.1862 -26.7323 -90.015 -82.1787 22.7979 -35.342 6.80371 -50.1107 -10.6453 83.9011 -74.8816 65.3789 23.9557 22.6148 87.0666 -71.1639 -51.1366 -53.1621 -94.8286 16.0256 -58.4157 7.42854 51.4806 34.7014 26.2973 
-21.0238 52.3109 -10.3109 -95.1849 27.6384 -81.0099 66.0033 -81.9413 12.6058 66.2906 -53.7524 -15.8974 12.4219 -24.9171 18.8363 -19.0629 10.4057 87.9136 -35.449 8.9192 -94.9559 76.8926 -66.5146 89.466 54.5528 68.8564 69.4452 -34.2971 -31.7894 -85.2805 90.6636 -17.489 62.3942 59.9356 -62.5647 75.3613 -3.41249 46.224 86.5943 -10.2219 0.723856 -34.1493 53.4585 76.2688 49.516 14.603 33.1 -88.3643 61.225 8.47335 11.6681 -94.0558 4.29701 19.8955 -15.5489 70.4045 88.7436 -86.738 -5.86909 -41.762 -93.8341 -69.5248 97.4421 -90.262 -33.346 -46.028 8.04423 -0.63952 51.5814 -70.9554 52.5129 
-15.8533 -46.7888 21.344 -70.602 -8.12592 27.7284 31.7772 78.6096 -9.03506 -52.2542 -36.4279 -44.3739 7.33132 17.4584 22.8342 -26.4129 78.1026 70.8616 -28.8611 -67.7455 0.818845 -37.6654 -42.5214 -56.3884 80.8967 31.2748 35.8089 39.3991 -18.6834 -12.1521 -40.8133 51.0268 7.31914 12.7252 73.219 -8.27835 65.8416 -0.408746 -69.7999 73.3211 -92.8556 -24.0643 -47.8634 -40.6342 60.2533 76.3997 50.1407 -84.8966 -57.9209 -77.35 -20.7457 -72.3476 54.491 30.125 -88.8727 -83.8695 5.40141 -18.5643 -10.4643 -73.0422 -20.558 82.3601 26.9003 -87.3674 16.8539 63.5573 6.94084 54.6517 -68.336 77.2972 -65.2119 
-15.7307 14.068 41.101 -14.8299 -46.3575 68.7717 46.4313 -29.5507 -58.2869 -28.2172 -46.7444 -33.6247 69.1403 40.5204 27.0369 8.9426 98.3521 3.20548 74.4681 -15.0743 45.8552 87.598 58.9974 -31.0427 65.6487 -41.5493 80.7662 36.7562 -38.9092 53.6925 9.13517 -65.1828 71.9648 -87.5865 -66.6096 92.9508 24.3815 -20.9077 3.46391 17.9621 89.6649 -1.2224 55.1131 85.9509 -23.8959 -19.1553 56.7477 -41.3298 -30.4688 -88.9397 -9.30452 18.8513 33.8619 -82.8949 -14.889 -39.1356 47.7307 9.06871 17.7548 4.54045 -88.5866 -75.1291 -94.5054 48.3413 72.7932 35.1065 34.3792 11.8116 -82.8438 44.678 -96.479 
78.0252 -30.4022 30.3329 4.39119 2.79438 -34.8213 -41.9709 -4.77464 -47.4369 -72.5159 25.9566 52.882 -12.8515 5.03195 -28.0855 -33.2625 -42.846 86.5426 -78.0285 -24.9161 34.273 26.0705 -33.6568 -70.5662 -5.34991 84.0183 95.8452 69.6601 -22.2837 77.7339 74.0504 -34.2913 65.4939 -44.2663 15.9395 95.3808 65.7087 -33.5865 -88.5762 99.5649 -13.2287 65.8591 94.1179 39.1662 66.1691 -95.901 -7.72561 -44.388 -29.4101 -95.4027 -33.678 -25.9835 95.3847 -69.3575 -90.8658 17.661 27.9794 49.9867 -73.5638 13.8897 43.9491 52.589 64.1181 32.3109 49.3678 -76.1265 -57.5161 -73.1844 -9.41943 87.5945 0.953895 
32.1053 -5.66278 25.6123 65.8266 -52.1533 59.3991 -78.5937 75.2709 78.4237 67.1573 -87.1683 -38.0025 92.3503 -68.4887 -89.4216 91.1718 -74.8661 -74.1673 70.0073 12.1321 -95.1931 89.73 91.6252 -55.3791 44.0841 -78.8846 -13.5317 -26.9347 -91.0733 -69.5453 -48.4364 -71.2712 -54.9551 -29.9582 92.754 -82.9201 -38.1876 -18.2527 27.1533 -33.6965 62.3987 -65.8031 46.8919 -87.9786 -55.7707 61.4329 -97.2703 -22.6765 76.4763 -62.2728 -19.5291 -25.9187 -16.296 -87.6138 74.0279 -12.294 -25.5205 76.5191 56.6778 -16.312 43.5519 -22.6872 96.0096 34.1779 28.4674 52.4193 10.5299 -23.6996 81.6316 -18.0273 14.5166 
-20.0298 -41.0266 65.4477 -20.171 -14.0694 -65.1405 -16.6401 -70.9501 -58.5169 -94.2777 74.514 -43.9562 27.3529 -80.0957 30.9256 -34.1215 -79.8489 -20.194 -0.637301 88.8897 -30.3193 23.0838 -30.6744 54.632 -0.214727 -8.91652 -60.0206 33.6951 -87.1879 33.013 48.8106 -40.4493 -31.1771 7.24033 88.1529 -13.4277 -79.9122 -84.0058 -84.9511 26.5019 16.6588 -16.089 -8.41079 39.9016 26.9614 -59.7541 -87.41 -99.7911 11.3726 -61.2019 -20.6282 -98.7313 22.5236 -46.6294 99.8751 0.778366 82.0055 66.9385 35.2849 33.9589 -52.5855 -4.54844 -45.5902 -35.0184 45.7406 -37.9331 59.1352 84.8113 23.3115 -4.29051 89.4028 
-6.62461 60.1621 -56.1912 -5.68463 58.4898 38.6453 -88.849 -84.4492 62.7269 50.175 90.7485 9.47256 5.30813 13.7576 23.4986 -59.4362 55.7368 -31.2176 -74.6274 -62.7164 -73.7608 -97.4659 90.095 27.3156 92.5409 -64.4796 92.1303 33.8461 51.5016 -12.8052 -16.9549 38.2036 87.3326 -0.151639 51.4 79.517 42.746 32.6851 -61.6624 39.3743 -35.8445 -39.3357 84.3031 81.695 48.0306 50.1756 -98.9145 -55.4169 8.81769 -1.14818 -97.5343 -58.1429 -7.73408 13.3004 -59.9346 79.6606 55.7832 -52.3217 29.1242 90.1591 -95.3315 -36.4642 -53.7632 1.61045 66.8931 72.4221 -1.47988 -72.3979 7.68254 -79.6294 68.629 
47.0465 -90.0262 -71.1495 -9.71191 -28.0885 -84.0916 71.8351 -67.7829 -27.1753 64.9838 -18.0585 90.106 11.553 -29.0035 -61.8319 -8.57415 94.2751 82.1233 45.6873 65.799 83.1748 -81.0812 68.8537 24.4483 -97.6563 90.9711 -48.349 -1.29121 98.5651 -15.9222 -4.86757 -9.3204 -47.9747 89.7432 -86.2656 -65.5667 20.8858 28.3993 -92.4408 -52.8104 16.317 39.5735 -88.1574 -60.7616 -19.3967 -1.08545 -43.1094 59.7478 -18.3696 61.3541 -21.7863 37.7489 45.2008 90.1608 -68.1474 46.8891 65.7629 76.9787 -19.3845 5.25991 3.29008 96.3096 75.8186 82.6754 -75.2551 -12.1268 -14.9931 11.6192 83.9313 32.563 86.179 
10.7151 88.1384 -57.3475 -39.2326 18.2806 41.5773 -10.3262 47.074 -27.4158 22.2774 16.3988 14.2893 -38.902 -25.8284 -98.1542 -76.853 -67.9044 -68.7338 -8.89524 97.7728 67.8329 67.9637 65.904 48.943 -14.7034 79.3157 58.1826 74.3607 -19.1197 54.4632 -37.3738 59.1979 -61.0644 90.1511 -30.1704 -74.7086 -26.7383 10.2176 -73.2868 68.3927 76.2363 -96.8319 -54.2343 83.405 -11.9637 -73.7446 -25.7813 92.8726 -89.5298 73.2205 17.4 41.3245 -59.3466 -38.717 82.627 -87.7653 -70.6785 -92.7274 -69.1267 -12.3552 -53.284 55.2575 -87.5961 -26.8263 -69.7254 -74.4113 -31.2184 -87.76 16.8751 20.5086 87.6127 
-93.3293 13.8009 -48.3251 0.525541 32.7613 19.1667 -64.9844 6.52247 23.1943 26.2021 -21.291 -37.0761 62.7335 -38.0394 71.2841 71.4105 -3.12758 34.763 61.3487 88.2261 16.2608 95.2062 -69.0561 -25.8432 54.1647 -53.2343 90.4641 30.5412 -93.6576 96.4031 46.8636 36.269 -27.4515 22.8652 95.0502 -90.6112 97.8741 -29.2211 80.516 32.4447 98.0683 34.6989 -16.1639 -66.1396 -8.80411 29.2634 29.4453 86.4689 83.1293 -46.6316 63.3385 -70.2318 14.1194 -95.3374 64.7138 44.8935 -75.6718 -16.5927 -72.9312 44.6662 -95.358 -81.3244 -19.4866 88.3705 43.0144 -56.6731 95.6182 55.1629 -77.4619 97.5072 2.79222 
-71.2405 60.0858 61.4191 70.0392 -51.5784 -78.721 -64.5351 -41.925 -32.863 71.9925 -21.8299 -94.9918 72.401 44.1124 -3.28867 -72.6067 99.5266 -56.3966 -56.9554 -49.018 -45.2152 67.7055 -74.2497 84.5317 -75.2744 63.6768 16.286 -81.0053 -55.6735 95.6273 8.42824 53.3508 67.6528 40.0557 16.1231 -18.3765 -54.4527 13.5626 -54.2037 -0.801253 -66.6512 -7.22748 -72.297 -95.4526 -71.9385 -70.1657 -74.9807 -0.767413 -97.9168 -87.7009 10.8616 -49.0159 -9.56298 74.9456 10.235 19.3427 92.5989 -89.6458 -76.6693 19.3259 11.1737 -4.35451 13.792 2.69216 47.1904 -70.152 -44.7446 -22.1158 99.4515 81.88 -42.5482 
92.3275 -51.0432 -82.8136 -48.0981 14.9555 -43.2855 -98.8123 61.8826 61.6734 -54.4466 -84.067 86.3728 67.9341 -31.1956 94.7913 -42.348 57.5364 14.3311 62.6819 95.0368 83.1066 -27.8869 -94.7807 20.9817 39.8628 -25.0941 43.1192 -95.9497 -27.2623 2.43413 -89.6027 47.7629 -48.3902 -93.388 27.8067 -52.4114 -78.1437 38.0011 84.6355 68.4689 -43.5888 2.25022 19.5277 2.78399 -9.40571 -81.7186 -43.8179 -47.6598 -17.8343 59.5954 19.2191 16.1364 4.24767 -9.45385 -90.8055 32.259 -23.6262 -85.0125 -4.30141 -93.8798 -37.47 41.3637 -0.170674 -68.5107 -59.1111 -80.404 49.8926 -55.2589 63.674 -31.5769 86.4976 
-35.5819 -25.1195 17.1111 -13.4491 -38.4022 -25.0068 -88.9764 -26.251 0.242208 70.7975 94.1257 -30.0004 -16.6265 -41.7298 46.5298 25.5198 -88.6922 -50.5535 -52.2061 -27.9671 -43.4739 -65.1281 -7.37399 65.3519 -30.0489 -31.8603 -75.4318 18.1433 -65.472 12.0227 65.8027 -54.6541 28.8003 46.4122 49.3663 98.7243 58.9555 64.6733 -35.7534 93.3538 -2.49545 58.9356 -69.544 -25.4582 -76.3252 2.27089 -33.1709 97.3631 -18.749 84.8056 -71.444 41.4009 24.646 24.4982 -59.3347 -38.8519 15.7379 -92.4102 61.2005 -2.67869 -20.8018 -15.1731 -13.4635 -80.7081 -61.2353 19.1274 73.9347 20.0185 50.597 -16.6013 -17.4076 
30.7895 79.2732 -54.4898 -9.2427 57.999 -10.0098 -35.1194 -51.8928 37.3652 -2.5128 -32.6045 16.3099 -79.3153 -52.3895 89.91 -81.8208 38.3645 -8.31711 14.3918 83.4894 5.51231 45.37 -65.6099 94.976 61.781 -46.164 -78.1165 96.066 -19.085 39.0084 14.7924 16.2284 -49.6312 48.8996 56.289 50.0408 35.8729 -84.6676 -8.64332 -68.2412 69.5329 40.0969 -90.9567 90.1572 71.7164 -63.1674 -54.4118 -98.905 -96.2833 -33.336 -78.132 35.5981 98.0954 89.4015 -28.5181 96.3535 13.4805 -33.5637 95.4199 -77.7826 -91.4584 59.3919 -1.03884 -59.7321 82.0369 -5.88666 62.8489 -98.2644 69.9207 -42.757 -17.5502 
33.8763 -41.5688 -47.1916 50.9743 -75.4515 86.8343 24.2652 25.2814 -95.042 29.5449 -39.059 -65.0993 76.6259 51.5538 65.4073 -98.6718 22.6177 -64.064 77.0929 99.6162 49.9917 10.3553 40.9768 97.5769 -25.5064 -85.9021 44.0822 89.9696 -81.3134 -33.8749 64.8617 -70.0433 -18.4144 -90.0259 -64.9823 42.0651 -11.0947 -67.7877 92.4182 72.0559 43.9823 10.3806 67.5093 28.108 11.19 71.0977 -61.1392 34.2489 22.0435 85.8756 -88.5981 -68.0303 14.7076 -9.398 47.8016 1.34563 15.9383 74.929 -68.8393 18.5855 -33.101 72.2201 2.62562 -71.132 84.8398 -98.2015 -73.3066 -63.5299 53.4109 76.9695 26.7507 
-1.34743 -46.2232 -73.554 -21.5155 -11.136 36.9991 43.3125 -46.4725 -63.7764 -90.2118 10.5714 73.6675 -70.0635 43.0858 -57.2084 98.1064 73.4793 -33.4334 84.6526 -43.6867 -41.5863 59.2742 20.9997 -57.5447 46.7164 -37.1877 -14.1692 58.9912 65.247 5.80294 -69.9158 -75.592 -75.0137 45.3291 46.6652 -98.7739 -93.5751 82.5235 -27.0162 -60.7224 38.7633 95.516 -62.4184 -65.678 -50.986 77.9202 4.62319 -98.1131 12.3089 76.1835 15.7595 70.5815 62.7373 25.5279 47.5069 48.9585 44.9739 76.8187 91.6519 -5.99207 91.2641 76.4737 93.5833 54.7306 57.8219 13.4999 92.0603 56.6334 37.2527 -94.0696 -26.9284 
14.8675 78.5701 -72.5531 0.374575 95.4774 89.1716 -92.503 -98.5667 -10.3196 -41.3361 64.6751 -5.91767 -58.2902 -83.8862 -75.0315 -54.2815 90.7519 67.1607 -29.6555 -19.4125 -66.379 -32.1292 3.89925 -65.3515 37.2006 31.0911 -52.4248 96.3472 -91.8264 72.8817 -76.4324 1.23236 -87.7446 75.9561 -5.16785 -56.0435 77.1778 -72.6787 88.9955 -53.3171 98.8026 -24.333 34.7656 -94.1051 -24.9913 -29.3663 40.0271 -64.4942 46.0536 22.7113 -91.0389 -90.2531 -84.4337 -76.533 -89.4904 -64.5794 13.8077 65.4829 -29.5744 -56.8855 -74.0749 23.0751 23.4264 -72.8146 5.36891 35.3242 93.1396 -3.45647 -92.9234 36.9611 5.21298 
14.5846 -76.9056 47.2322 32.1707 93.2878 88.2873 44.9901 -51.7691 -83.0855 -17.9026 -89.0809 18.0534 22.9978 -75.6147 -56.8888 69.4171 93.9372 1.87907 -18.4971 -80.6387 -93.793 21.6016 57.5148 51.1672 -32.6862 43.5131 -75.505 -12.8976 29.6798 28.4734 -48.0481 55.5044 62.546 10.5493 -97.4088 49.8646 74.5814 88.8966 85.4186 30.2024 11.9512 64.5129 68.2456 3.32273 45.1729 20.901 83.9209 58.4967 -45.7671 -7.25587 50.5543 66.5252 89.5043 98.9713 11.4094 -41.6884 -57.6246 -97.1213 82.7462 -83.8641 95.9791 -79.127 -87.8284 68.3946 -92.2125 -15.3928 93.0616 85.5468 -14.1228 38.3191 29.8845 
68.0922 26.0007 -5.83878 67.6752 16.4868 94.3497 -64.7107 7.86253 -54.4058 0.948518 -58.2595 32.7278 55.4412 -0.326604 -89.2299 -87.158 -65.1415 -32.523 -13.7374 -83.9578 -78.8554 76.6824 0.271019 -44.9913 31.8478 66.7996 -99.8845 41.0351 76.2205 38.2893 -71.7514 74.6385 49.5114 -61.2345 31.9329 96.0636 -58.5533 93.9428 97.1526 43.6131 5.19056 37.723 10.2895 -64.7264 -55.9018 59.0582 -9.6201 -85.0056 -88.7075 92.9435 -97.9823 12.0822 65.3725 -85.1205 -19.5385 15.6912 -78.0525 -28.1244 -87.3419 44.3552 78.4666 -12.4238 -7.46219 -16.9734 -71.2761 62.2685 -52.5283 -42.4967 -41.9054 95.8492 -61.9828 
55.0655 85.739 16.0327 61.3137 98.8191 52.8206 -43.8504 6.04869 60.4004 -49.7413 -2.0993 -82.9091 -53.5009 10.4719 1.54651 -7.8834 -96.3329 -66.9242 5.74532 -38.3899 -19.1858 -55.6087 -15.2457 -35.1284 -3.28611 -29.6086 -31.8653 39.2436 -33.1306 -25.8156 -83.4455 -69.1731 8.50473 -61.0146 -72.5041 24.0905 89.8342 42.6063 83.5017 13.8503 -18.7096 -51.933 -38.5122 -74.3591 47.3761 49.5671 74.829 51.2384 -36.1016 40.0952 80.0528 47.8823 -41.5181 5.01393 69.1874 32.477 41.0493 -84.0202 72.1215 -53.827 -70.3 67.2761 -90.3532 34.3417 -19.1081 50.9802 23.8714 6.59608 60.2881 62.3756 -52.5854 
-3.21326 -5.24357 71.2496 91.4531 52.1576 13.5724 -89.3772 37.6322 83.6763 -51.9891 18.8298 72.5951 -93.5032 92.3174 -20.9552 5.49826 9.23596 28.8614 73.4369 53.4607 -86.1443 -27.1027 84.7234 -53.7764 -20.4299 34.6133 -55.0528 -72.6427 94.8629 -39.6009 26.9729 -66.4804 64.5758 -75.2384 68.1104 -67.7206 20.27 77.475 -77.5204 -86.028 -72.1211 61.2824 -26.803 -77.6462 0.468836 79.7287 -0.371052 -36.2788 62.6579 91.1601 -71.8354 61.7034 48.6215 -19.198 -61.3639 56.304 -99.0489 84.7456 -80.2802 -68.8739 36.2833 13.4629 71.6749 40.3202 61.2097 -47.9169 60.0361 26.7102 -82.2948 71.7514 -74.7011 
98.1863 16.3919 98.8661 41.7985 -93.1201 -70.2998 71.9297 -77.9843 -82.7337 94.2604 34.3795 17.0036 -20.6751 -86.7512 -27.9814 -84.1895 27.122 39.7313 -36.7556 48.03 40.4458 -26.6927 -23.9534 14.9737 62.6223 92.4053 55.9902 27.6499 -87.9913 -70.1428 -90.1221 -82.6506 91.56 49.0764 26.6545 -18.6119 -9.37848 -24.1483 -60.7266 -31.3766 53.8587 2.68411 -88.1603 89.0323 -34.3077 -9.22733 -83.7057 -42.0802 -41.5499 70.1411 61.055 -48.6946 -9.72664 -75.6663 75.8258 4.19383 85.6739 -79.4101 -46.1247 -18.0389 19.4255 84.91 82.8649 -89.8508 77.7951 -97.2907 34.8933 51.0166 35.823 77.7888 -3.96413 
-25.1591 -49.5249 34.5249 60.3429 -17.6738 -43.2781 24.3842 24.5134 -3.82882 49.01 -88.4294 -33.2834 6.64688 -85.9145 35.3749 -54.5344 40.4386 51.3271 54.3881 -98.457 33.3961 88.7964 1.90395 -0.329487 62.3045 -48.0649 -26.6597 -69.3299 -28.1318 -10.6151 -7.34581 -60.9633 -10.6518 -24.2187 -43.1172 -71.0261 64.1132 -50.2166 9.69934 16.8721 -31.4272 2.85058 -90.2474 11.5255 -91.7125 -12.6349 44.6881 72.9056 -75.9336 -15.535 -96.5919 -20.8429 92.6722 -57.6015 91.3233 71.4776 -76.0287 -13.7532 50.614 69.6748 24.4222 64.5069 -32.7412 -81.3728 -32.5415 74.7888 -24.8503 -59.4682 -81.2679 -70.2435 17.3113 
-49.7883 8.79763 61.756 -66.8376 60.5406 -94.4863 -30.596 -26.2163 -16.6401 -69.5288 28.7454 -76.3512 -34.6221 -93.4259 -9.65888 63.2066 -87.2419 -73.8942 60.381 23.7833 -74.6241 -7.80342 47.9759 -68.2833 -37.1193 -64.6399 -2.22411 19.3657 78.5297 49.148 30.7367 -8.8287 16.078 23.458 59.089 -91.9355 39.8365 -67.9445 56.2998 30.257 -69.7871 87.9655 36.2145 56.3812 -1.07532 -72.9344 -8.89435 -87.3649 58.0926 -37.5295 42.5045 -26.0731 -11.2086 17.0418 22.2799 58.2354 -37.3104 -75.0917 -65.6832 62.3902 -8.62654 13.7961 70.4967 37.9718 -7.88264 -83.4616 60.1222 74.2582 57.6171 -30.1871 44.6691 
-45.6699 25.7849 -32.4171 -33.6719 75.6513 71.4091 -27.5224 31.4773 39.5595 75.7649 -19.2182 -0.577564 92.8752 -47.1656 87.2677 -90.991 -85.5114 9.70949 -12.6415 -64.8654 6.94715 -39.2337 -0.0816553 27.6188 -11.5332 -37.8655 -5.90824 -99.7656 40.3202 61.8906 -4.12937 -2.30087 -70.7284 68.4549 -78.7994 18.1805 -40.5834 -84.8208 17.148 6.47921 96.1042 23.6854 79.7033 -26.8221 1.18309 84.2568 -95.8783 -25.8348 -5.40046 34.5285 -78.7555 -43.2216 -24.9029 56.2507 6.04801 48.9755 -68.6044 -34.7486 -20.3717 12.8859 -26.1483 -74.1842 -14.5971 66.7739 68.3864 -30.5874 -82.4099 -62.398 76.0244 -58.5406 -91.4706 
52.843 -67.4208 57.9677 62.9453 -79.1561 23.3789 -71.5488 79.6319 -25.922 -71.6441 77.1484 33.1894 13.973 44.5765 -2.8466 -42.8481 52.4103 59.3699 29.1527 -30.6824 -78.4053 41.5397 -41.5464 -70.1531 -63.4668 -86.8126 -59.6002 99.0344 71.6665 98.162 8.82591 -62.9893 -60.9602 42.6098 -56.9552 -46.6575 26.5817 -41.7294 54.63 -32.8695 -37.1838 52.3331 -38.1154 -5.20928 47.7039 -40.1461 64.4061 72.4992 94.6013 -35.9152 -26.2985 0.277701 67.3203 51.7228 -94.5848 -87.0314 63.9988 28.128 -52.6502 -91.5184 49.7808 66.4453 -53.0217 64.6386 -18.8335 65.0616 89.7904 -93.193 -94.2656 77.242 5.67758 
23.1348 26.0015 7.22969 -90.5262 -73.7462 -51.66 -49.9776 25.9119 -99.3057 -30.7473 30.879 -17.0746 27.2102 -78.8685 56.705 41.3521 5.09674 60.8599 71.5042 -29.5265 -51.4018 89.8506 -81.6488 -71.9162 -94.9539 -90.3415 29.5893 -93.2921 39.1951 -47.8275 -36.0253 -77.3069 -96.7658 57.0522 75.9417 -47.6914 50.9775 -20.5464 77.0333 97.8425 39.4169 80.2354 -84.1793 -2.25844 42.4355 12.6314 96.096 85.8818 14.9448 -23.0932 73.1202 -68.1527 -41.6474 31.3807 16.2108 55.1331 22.61 5.59882 99.3842 -49.1775 74.1547 -82.1097 -17.7286 35.3563 33.0448 -16.5263 42.4704 -0.228108 -33.8072 1.6371 -85.2382 
1.27128 -33.5541 56.5915 -67.4962 -8.81627 25.0186 87.7881 54.3756 90.6364 -73.2263 85.4529 6.41885 81.6033 -93.6405 -15.7916 -8.8228 -84.7337 80.7698 98.7003 56.3764 -81.3034 -66.8007 80.9478 90.1328 61.1419 11.8515 -11.8563 -68.2858 -78.6648 80.1656 -57.5165 -78.9946 -63.0734 -73.7967 99.096 -94.2917 39.0373 99.6892 76.6608 38.195 -56.6068 9.46395 60.5563 -30.2493 0.82245 22.9138 -87.426 31.0476 16.3779 62.7993 67.4947 -16.4535 65.771 13.7476 56.0784 -89.4926 97.8055 16.8903 75.1833 6.16155 -42.7819 -35.7162 -82.7593 63.8242 92.7997 84.3724 47.6393 74.1721 10.897 -53.401 89.6507 
-39.8562 -63.5852 -75.9282 74.9316 -24.9912 -27.8026 -78.7228 -94.5508 84.3499 69.6053 57.0066 -90.7388 -47.2632 46.8889 62.1502 -40.8643 -6.80119 92.359 77.9333 24.7492 -39.9763 -81.2779 -38.476 -66.3676 -39.552 49.0219 -89.6725 74.0768 8.28828 -98.8942 85.5827 -10.8302 -23.897 -36.0963 -69.9485 -24.6103 -24.5444 83.0982 31.6407 -13.925 -36.7042 -87.895 -51.1315 32.2675 -80.9483 -98.5195 -17.0357 81.4852 -77.6251 -45.0859 42.0008 -93.1763 -13.9141 -55.0338 46.1661 -87.0296 94.3197 31.8268 -86.5109 10.8227 96.612 -41.875 7.23046 -77.6753 -88.698 52.279 53.539 29.7157 31.6783 16.5126 -73.2559 
-12.3762 -7.05471 31.5427 -61.612 86.4504 -27.4978 44.8646 39.2216 -2.23782 -10.98 58.3491 73.3052 40.0539 -14.1602 9.30602 6.3136 -87.2579 56.2479 -41.4768 98.9108 -6.36293 58.1903 3.85584 5.12287 -99.8758 -12.291 25.9081 37.6326 90.371 65.4349 -36.3776 1.91799 35.5917 -9.99459 21.0095 -93.6229 79.3815 -34.8354 -78.886 -37.7746 -78.3872 -54.1194 15.806 51.769 80.7532 19.6417 -81.3052 -95.7927 12.3654 25.7772 37.5932 28.8972 75.7339 59.6379 -65.122 94.5598 66.1198 75.9095 10.918 98.1752 30.1697 62.4274 17.6411 93.9108 -40.5002 -86.7417 -66.9915 74.4202 -20.2794 -35.3251 91.8714 
82.2846 -42.3897 -43.6938 38.9739 34.7818 -22.9434 -8.93798 -20.6472 -17.1221 28.5339 -31.2259 -13.0618 70.5794 28.1792 7.27058 -3.35376 33.4359 -42.0396 40.6355 -38.5554 -1.03587 -9.94547 46.5224 -98.1901 -80.2019 47.2397 -43.1114 26.8645 -87.5403 -89.9676 -86.1806 -37.0758 66.2835 27.5013 13.8582 -84.8896 60.0913 -45.3501 0.786652 21.2617 -54.8895 71.9038 87.4863 -18.5768 -19.9543 28.675 -59.3382 -97.4511 -60.297 -11.6996 -35.7972 -44.0921 -55.8135 -57.0325 54.8554 -44.6172 -80.8243 -14.3276 -4.20955 50.086 -4.62339 94.7525 -94.6352 66.8912 39.8738 -40.8332 -83.8119 -26.4861 47.9836 61.1649 -2.10345 
47.3892 70.9579 -10.5275 63.4716 -32.8998 53.1537 -46.2762 36.5769 -52.1803 5.88296 74.8892 62.5446 -12.5009 97.4975 41.0697 58.2128 -17.171 6.82301 74.3987 19.5871 0.738426 10.7284 -86.9959 60.0739 61.7637 62.141 3.28918 81.2235 -76.4219 -22.1437 30.7506 25.7464 -80.7206 -71.583 -95.697 20.8111 -27.8472 -27.8895 61.1396 -26.1487 -80.4328 -34.3671 -8.51537 82.121 8.05025 -99.4242 -22.8196 70.4344 -8.791 49.7212 64.7843 30.5477 15.2354 60.5722 37.0745 -89.2555 82.783 -66.5999 55.0224 -38.4866 -43.6536 -86.1442 -24.9786 -15.9209 17.508 57.2159 27.6415 -29.5296 95.2662 -61.253 -78.5564 
-97.3751 15.9835 34.1791 48.7565 50.9812 41.7672 -19.0976 27.4178 11.7673 -27.0204 68.8622 -33.0241 -36.6888 -29.3853 -79.0665 -70.5773 8.09918 -77.0074 -63.7357 -6.61443 31.2919 -77.2232 -90.8306 10.5444 20.5051 28.9275 -16.28 -17.1471 9.52571 98.6725 -10.8015 59.8165 -64.1774 -29.6471 -78.0166 -25.7757 -13.0153 52.3727 27.2199 85.2364 -32.6456 -75.131 72.7929 30.8474 51.5149 11.3952 -80.2456 -87.2526 -54.0682 76.3451 -68.5811 -42.7712 -55.4828 -99.0362 98.789 -53.3122 -18.9172 58.7413 64.6389 -13.5382 63.529 -67.6486 29.4863 -23.9528 25.0274 36.0649 -56.9978 37.9497 20.4431 -13.0206 -36.6288 
-20.5068 -58.4877 -1.94587 95.8451 68.926 39.4718 1.9547 52.6681 -7.85821 -72.8778 -57.0513 -61.5709 -22.622 -8.48492 -6.08138 -9.83191 -44.9846 -56.0926 51.1577 8.23974 85.354 -55.9208 -60.289 -77.5275 -4.57242 -48.6905 58.5882 91.3788 3.56217 69.4654 -95.6642 -28.4645 -3.0787 56.3017 61.8928 32.2601 -4.20112 -8.22228 8.10827 75.7477 90.8132 98.0642 -35.4332 73.7166 -45.4318 27.3637 -97.9511 -63.8234 -80.337 -23.5986 -21.7243 80.298 -32.3482 -75.9907 24.1961 64.0314 -24.8182 80.8957 13.7766 -56.3779 57.0198 -68.6484 26.8585 10.2379 68.6739 1.58516 41.8211 86.8423 -42.2232 -45.2831 -72.7296 
33.8754 -56.2026 3.45214 20.1428 -59.4682 -81.3462 14.3786 61.258 -36.2896 81.1253 72.1641 62.7162 71.8934 -87.4503 22.4751 -61.237 -10.8038 20.8177 83.0243 -10.9676 68.376 -4.91977 -86.6407 29.0501 44.3358 -48.7539 -7.3461 -65.9832 21.0109 -69.4723 -21.3118 12.0678 23.691 -24.6334 -14.1301 -83.8427 56.5493 24.6181 -43.9085 30.3525 -66.2642 97.0723 94.9841 -2.30937 -13.5502 61.6666 30.7969 3.65304 -3.34546 -27.2202 -90.6444 -59.966 -48.1466 -0.0340934 26.9916 47.6873 80.775 -15.2738 93.4361 -18.7229 -76.2806 -48.132 45.717 -33.8456 -42.9536 78.3774 89.0878 99.4705 1.04405 -52.6251 -69.2702 
-23.4733 84.7884 38.8959 -77.3685 67.1873 16.1956 -1.00515 -93.5053 56.8562 -18.6733 -42.2166 65.4882 60.5087 -30.6364 94.3046 -22.1764 80.8824 -8.78811 98.3105 -96.0117 -69.37 98.7144 92.689 23.2869 -17.4602 -53.5088 77.2061 2.39756 95.8113 -99.0493 79.1106 12.5124 95.2941 8.18832 21.052 21.0608 -31.8035 78.6136 58.6709 81.151 -94.7856 -62.0827 -23.2978 33.3793 5.80902 32.2527 71.3095 99.1044 47.6113 3.28923 82.0281 45.6628 54.0834 -20.0158 -5.78162 28.2837 -35.3965 91.5959 52.4816 58.5825 -3.87594 57.1427 -2.91107 73.5801 61.4889 44.6645 76.2777 -0.576206 -84.2953 48.5624 -12.0074 
-8.55617 -3.47988 -86.344 16.504 -16.4863 -85.437 59.9438 75.4784 -34.8239 -85.6186 8.98088 -58.3188 35.6984 -16.9264 -82.5002 19.3239 -23.494 -64.1409 -15.5432 -33.9322 -98.5644 28.2362 -33.5766 78.7343 88.0922 -33.7718 -3.35065 85.5658 -95.1403 -23.4344 -61.7567 54.9791 33.4028 1.30207 83.9161 -22.7019 49.6809 -12.4736 -44.5644 6.43708 -12.0538 11.0781 -10.0281 58.101 -96.42 68.8248 -62.114 50.67 10.3324 56.4094 72.6658 93.5348 39.1056 47.2306 4.8473 68.5618 -81.0135 5.64951 -48.7483 86.6032 -60.0667 58.4196 58.4413 23.1595 41.9323 -43.327 3.2008 -4.21511 -43.3812 92.1879 2.63166 
30.2993 40.8817 97.8952 -75.8668 -93.5796 8.25755 -15.3954 49.2542 15.9315 -39.3532 -9.92928 -81.4502 65.9427 98.4659 -83.205 -26.0269 -33.5289 79.8212 -45.9117 -37.5658 31.6627 -45.2075 -2.12167 -58.8347 -34.3863 68.9099 -31.9702 76.8485 -6.72163 29.6163 -38.973 -18.5107 90.0049 -87.5972 -45.7286 40.2087 -12.3855 36.983 -27.1918 -13.3517 -1.64851 93.5485 69.9913 -56.4814 -82.5426 -93.8963 85.2574 -79.3946 14.4746 74.6155 63.2019 33.5428 -46.7707 -74.4481 -49.392 68.5057 -25.1038 81.1885 -65.4015 -3.62065 -52.2554 -56.8516 94.6141 -20.3175 -75.9259 -86.5486 -22.3056 -89.5278 -94.5035 79.2383 -42.3268 
13.7974 93.37 70.3114 -75.768 -32.5861 -74.3497 4.37617 -49.7876 19.8344 -43.6552 87.7878 48.9566 13.8719 -54.3514 -83.8985 -81.6163 74.2627 -67.3328 -61.7215 46.3458 -66.0948 -56.0686 54.8043 95.9708 -19.0328 -83.6368 -83.466 -13.7008 -69.0822 -65.1451 -93.4215 64.4255 -0.0908706 72.738 -91.7454 35.0504 91.441 49.713 -74.3935 67.7536 -65.3303 -6.45381 -69.2619 -84.2578 78.9639 -53.6329 -8.82187 -69.1937 62.202 28.6281 -47.9216 -18.6768 98.5597 92.7378 43.9146 72.0853 -61.9343 69.8688 84.8626 86.1264 -73.4518 95.9061 93.7092 -28.8563 11.7219 9.21209 27.6551 -0.811829 -44.4131 -51.3171 -87.1011 
92.371 79.2447 66.0434 -8.75771 9.14541 -93.0419 45.615 51.4752 -56.9579 -91.6623 31.6847 -74.5741 32.9114 -57.5915 59.9112 -73.028 18.2167 -31.2614 -10.3249 69.5075 12.5001 89.3729 91.1369 -61.7013 -14.2903 22.8595 -0.329722 58.3647 -64.1874 1.62112 46.1937 -23.1591 -34.6695 -89.6056 -1.4618 31.5375 51.3775 -98.063 54.7722 -43.8421 -53.817 97.1123 -34.2053 -88.0272 -72.4164 98.314 -36.8569 -54.1521 65.9817 -46.1539 91.1741 -36.3463 -71.4816 8.28205 -3.64856 78.596 -36.9468 35.8173 -19.0156 5.13433 92.6106 -93.0067 36.5654 -45.8328 87.4683 79.0389 7.14036 8.08348 58.9747 -12.0961 -98.7955 
-55.7185 -60.317 52.3942 -11.3568 -73.3996 -27.7456 79.6912 -29.6299 9.86382 -18.6994 -80.2068 -36.3648 17.6205 -51.4293 28.2904 77.2954 -95.7926 13.5159 -38.1679 -88.4244 50.4666 -7.4822 46.6383 50.4366 87.6732 -77.3085 75.7652 -14.2766 52.3819 -17.9244 -55.4723 76.5014 -40.1607 18.4593 44.8917 95.1092 -99.7709 -49.8411 -79.7363 71.4379 56.4493 -55.8568 14.8365 -42.1871 -39.1308 -71.0379 66.0794 -3.4851 25.9897 9.12394 -53.9423 -9.02475 -78.9893 26.0486 -0.387985 79.1419 -61.7795 72.6766 75.5276 -7.47651 -57.7281 -36.715 -68.6528 -47.8865 -28.254 -64.3952 -90.6348 -98.4031 -60.9709 62.8741 -74.8751 
-25.1239 -57.158 -54.4434 -30.6677 -31.2987 -36.9525 -61.3455 -34.3478 -83.8197 42.9528 -91.7057 -97.9411 -95.3342 -82.2187 -49.9803 -18.2242 -93.5081 8.59876 -80.675 95.3667 28.7748 17.7228 67.0207 17.201 97.9794 -60.7559 74.8155 24.5007 -17.3619 -1.69411 -72.9191 48.2473 91.8948 75.4376 79.475 -63.6965 53.161 77.2928 60.4063 49.1308 -58.9141 30.2472 -34.6543 -34.4644 -43.2608 -83.8378 -62.5918 20.4301 -31.9617 20.0554 71.7258 95.8018 -58.859 -43.6006 5.19633 -65.2097 20.8607 5.8427 -1.77557 -42.0031 53.5843 -9.44851 -1.17008 -65.4534 -75.8711 34.9485 -21.1313 45.6812 -35.4805 78.966 -18.4346 
-30.7735 -9.81762 -4.69471 96.0016 99.123 -40.2199 24.7373 -39.6066 -68.2552 34.3286 -38.7426 53.4164 -30.5275 -75.5161 0.197724 -76.854 -84.4681 -55.3086 28.0009 10.6336 -80.7483 62.7418 -99.3217 99.6562 -77.6168 95.2707 14.3858 -18.4491 -74.1783 86.0485 16.4218 1.70872 -81.6209 -2.29018 -91.0537 60.38 5.94541 -75.5509 16.5462 92.5953 48.6292 -88.8968 -88.7291 -70.6868 -33.0025 -73.5187 -28.787 -23.0585 54.9544 19.3237 -26.3006 -33.5917 24.3883 94.1305 51.1043 -90.528 96.2241 37.8469 92.4011 -14.6443 72.8044 22.8548 -79.3134 -20.9932 -33.099 -95.5102 -40.7663 40.7325 -8.9363 7.67176 -60.7895 
-89.1683 -51.5885 -48.0899 -47.5008 54.4185 11.3621 -37.2389 -73.7894 21.8776 96.8362 -73.5471 94.6889 35.6348 -86.298 -11.2587 -25.0849 -1.56965 18.8408 58.1145 -69.1579 63.1169 5.23194 -66.7992 -94.6276 -6.73801 -45.7686 -32.8168 48.1382 59.5429 -61.8266 81.174 90.7069 -89.405 -29.7899 -79.1827 -24.2519 -1.64919 82.1079 -11.9474 -0.341364 62.6945 -93.0439 10.7188 -49.2146 50.0315 79.1295 -70.8734 30.2059 70.3767 20.4089 13.0968 -81.7124 59.1536 -4.98118 81.3899 -80.6189 37.7618 62.1509 -29.7368 13.626 12.0061 -13.3091 -86.7926 76.1948 6.75739 -28.6216 -42.7377 -93.1926 -87.7244 16.5253 -59.3941 
-37.085 -87.1415 13.3176 29.364 -78.6158 -95.724 -33.6552 -43.0518 28.8981 90.089 -73.751 66.16 -49.3683 67.7867 90.8491 -99.847 71.8389 -4.3627 76.1372 37.1516 7.42049 -83.8624 -74.5765 -7.66047 50.5148 1.92091 84.6881 -47.142 84.3167 -89.6153 34.8153 -60.0677 41.4004 16.3672 83.8259 61.3554 1.03853 54.5542 92.5625 97.4055 94.2238 19.4601 66.6816 -81.961 80.6535 -56.3784 48.7489 -77.7829 -96.846 -91.2215 40.2574 5.51705 -74.9293 62.6095 77.3351 -28.7355 42.2749 -85.3466 -20.3803 67.6457 -78.1131 -46.6325 47.9847 78.9354 67.5983 -75.1662 81.9474 90.7617 32.2001 -13.3942 83.3798 
-35.8571 -49.7336 -72.3631 -7.30262 64.8041 -38.0212 -22.5124 34.7565 -47.1388 -62.2856 -33.5944 -21.1925 18.0523 5.70781 -68.8963 59.8334 19.5457 -95.4437 77.2446 50.5368 -28.5712 4.58726 98.0559 24.7252 -43.482 -1.3288 66.8065 17.0508 -26.5647 -73.5395 21.6404 -89.9038 -12.3667 -47.4688 -7.72682 -64.6082 -70.4395 -77.3132 -2.15883 -83.4181 -7.5691 -13.8279 -5.74835 -12.5331 -44.5865 34.0193 -37.7026 -68.1785 -76.5557 -70.8913 -69.3014 50.7622 -39.6661 -68.8018 48.879 -89.948 44.6009 7.54003 -74.7739 75.327 21.1474 25.1205 0.795615 -28.0917 63.3793 16.5086 60.4156 4.86927 37.8397 -28.3253 -63.9491 
7.34631 69.3798 66.3891 2.18215 75.4691 8.91323 4.59582 41.9969 41.4172 98.4828 0.167507 15.2835 70.6139 8.60776 70.5602 -94.7227 -5.10019 81.1421 -45.437 -59.2742 -21.2658 -14.7401 62.7026 43.0832 -99.9169 96.3965 -64.7639 -87.2033 -26.162 96.0336 35.943 94.5142 -99.4869 -76.6778 75.8796 -92.3301 7.93711 -1.01594 -74.8955 31.8479 67.8952 -84.5942 25.7802 87.239 25.7025 -17.4653 60.8848 90.5718 40.2623 88.9383 -13.6455 59.7387 29.0913 -62.7519 -71.758 -36.7824 -1.36324 88.0355 13.4647 -97.9885 -92.9054 -61.4404 -28.2756 -27.5982 -43.6918 72.0466 87.1669 14.0272 -45.2105 -52.8553 60.6075 
29.6731 -84.7053 -42.31 95.8191 31.2582 -43.0243 90.0058 -71.7394 76.1378 47.7125 -95.4882 -70.0406 27.9115 -91.5503 -85.9592 83.926 -55.263 -4.57197 -41.0895 8.08801 -64.7323 44.5703 93.0063 -42.5025 61.2668 -89.6657 -11.029 35.6333 89.4778 52.9794 25.3219 -15.458 -2.31239 -64.359 -81.654 41.0452 46.9966 71.7493 89.7421 95.7072 -49.7079 -40.4133 -26.3145 -68.4955 -3.40015 53.748 -57.4153 20.5014 -32.3781 21.918 -24.7569 -88.6877 26.3484 38.1002 -50.0712 52.7224 -94.2533 85.5909 -74.2491 94.659 -65.3765 16.9637 -90.4433 -80.2001 77.5136 -28.6393 59.3719 62.9 -39.7399 91.744 -59.0914 
50.7813 81.8583 -7.0817 -22.1535 66.5017 94.8017 -67.3754 21.5584 -68.6017 11.9513 65.6102 -90.1565 -60.8111 -52.0786 -85.1323 -18.0012 54.1519 -68.9338 30.1002 94.4983 33.5165 -88.3203 0.312871 58.4193 53.6328 6.34248 -1.97763 -37.968 71.0101 67.2608 52.4066 -2.29411 42.9199 -45.0159 17.2052 -31.5238 -20.9755 65.3157 -38.571 -63.1942 95.0727 86.1659 -9.92907 -77.8 15.1671 -87.2118 31.2166 56.6127 89.0356 21.4302 -23.4077 -13.7221 -27.5706 20.1615 53.6743 -96.5972 90.046 3.41645 20.2 -99.0787 -16.2876 54.6758 -63.7534 96.9477 0.797948 11.1091 -90.1474 92.4464 -52.8036 -70.592 -39.3878 
8.74836 33.6447 67.1839 -40.843 -48.4051 54.9066 14.6947 -26.2996 -16.7666 4.32525 94.4521 57.1579 52.479 14.6828 -25.6372 -84.2306 -63.2311 75.5921 75.621 -37.9968 -11.6922 90.0242 36.3128 -91.2907 77.6784 -59.3756 74.6377 36.6527 22.1796 -27.6115 -66.1031 4.87559 -56.0003 2.84815 68.8833 -78.8042 -62.705 -83.6238 -65.8257 68.0346 57.0806 -47.0865 17.5768 12.8545 44.8236 -49.8965 -9.71405 -64.0836 -52.6869 91.8372 -91.4696 69.7464 27.894 14.3426 55.5002 -8.47674 -68.5705 -64.5867 91.6474 -81.5447 78.0725 -35.0646 68.6698 -67.0724 -86.5792 63.5928 3.62949 0.849998 85.9124 -69.7248 -64.8178 
7.8023 -66.7561 30.2069 86.5882 87.7833 -26.0388 -33.8292 33.2092 -52.9226 -70.3921 -80.2444 -67.6632 -14.9844 -43.5335 -67.3009 73.624 -0.639398 53.6382 97.1753 25.5916 -82.5987 -35.5588 -36.1818 92.7231 -2.47832 -53.1761 69.0702 62.9555 93.5875 -74.5612 49.1227 5.34376 12.5421 -4.48349 45.9175 -64.7799 44.2426 -13.8243 55.0078 -84.6838 -80.4703 -65.0066 34.3614 -88.0151 -69.2 -44.0942 -91.3029 71.7134 86.9614 -39.5054 32.8609 93.3461 67.2738 70.1409 57.8947 36.3466 76.8443 -78.5896 -55.5847 -11.5256 89.0578 -4.98281 53.9866 -47.0303 -38.7134 -55.421 -60.9419 -50.069 89.9869 9.77121 24.772 
-57.511 12.5833 86.8933 15.1994 56.0196 -78.2933 -75.7317 -21.8475 8.48583 21.299 -28.0928 43.9731 55.4091 61.4587 -63.9978 -11.8022 40.4762 84.2205 94.3944 86.0119 1.88436 70.4308 -69.3671 -52.759 79.5906 78.5266 -3.18222 -83.53 -88.255 97.8359 -71.3982 10.3855 -51.0574 78.7936 84.5675 -74.2796 -18.0339 -95.4173 -78.7247 73.2546 -9.49536 11.552 -46.1761 -82.0466 42.2279 -75.8443 84.2509 5.44062 40.5021 -81.7869 6.74515 -34.2986 -55.8101 -1.05987 -13.1913 93.5261 93.1892 30.4009 -51.9008 -96.2278 -99.9413 86.7878 42.018 -2.95104 1.88357 57.1291 -30.9918 -79.5646 -42.1737 -12.6701 53.7847 
-40.5597 -86.7278 -34.3354 -75.4441 10.2546 -51.1233 -29.9086 -74.1916 62.3254 -96.4825 19.0895 37.438 20.0146 -14.5622 52.3898 -85.078 93.2512 72.3615 -21.0914 -83.8995 -98.0877 39.8337 85.7061 63.2108 -15.5821 -87.5984 -66.1679 -83.8788 48.7551 26.2984 -2.10907 -47.1627 -63.3682 -29.5461 19.4978 99.5516 -36.5682 -1.69357 -63.8405 32.0815 -5.93148 -90.4094 89.4704 -71.0403 24.9158 -39.6356 44.2371 92.8901 3.49576 -46.7612 85.1472 69.1838 -27.7641 -31.6136 70.6938 -49.6739 -69.8068 -42.949 -44.5438 -47.8518 -45.9533 62.7333 -41.2107 -27.8277 -99.866 -48.161 -42.5216 -60.9136 25.7476 -59.7225 44.3026 
-6.61753 -20.8849 -13.3492 39.6074 81.8449 -32.1133 71.824 -53.3273 -72.4415 76.2473 88.0739 57.5483 14.7472 56.0531 85.0065 -96.0452 -31.0247 -31.729 -69.8952 71.7595 61.4073 71.8599 -51.4498 83.3103 -3.1757 26.0893 82.6208 8.22073 -34.1904 -38.5804 -21.11 4.50618 -64.6622 22.8991 64.5438 -11.9192 74.749 -93.7216 21.3135 16.597 -53.3882 -95.3135 66.1032 -2.8736 -96.6335 80.9933 53.8205 -39.3364 72.4649 -82.3633 -80.5798 95.986 37.3622 -53.0821 49.1312 -51.9189 -1.27772 -74.6173 -92.9765 -55.904 21.8829 -14.1138 -10.286 -76.8341 48.5658 45.8827 -49.8448 57.9673 56.9518 -10.7943 -19.1769 
94.1802 86.4815 95.1331 -98.4112 2.54822 28.0018 26.1533 -41.3144 28.0957 3.88987 -22.912 -81.5503 -15.2554 3.11931 26.3237 21.8344 -29.3319 19.0876 5.99006 74.8743 12.1321 -95.5703 -50.3914 71.4487 37.6846 -35.2968 -32.7174 -81.0822 51.786 -33.1601 78.2571 66.7634 92.8597 92.5152 -96.3339 -84.0968 -14.4694 12.4121 10.6947 -53.481 -55.4924 -60.4253 31.7521 58.2177 64.9824 -41.0148 63.4658 70.0219 58.4295 25.3073 -59.6595 -96.9931 36.1357 -66.5303 24.5966 -5.11889 -33.1837 81.3005 17.5337 88.6758 -25.636 -63.7224 18.389 63.7783 -77.5733 25.2721 -51.0403 -34.2635 -66.5831 -62.9888 -53.0571 
69.4683 -46.7009 98.2457 14.938 63.257 -39.7165 84.7216 -83.6732 -94.7806 22.2825 -98.5568 -43.4896 70.7711 49.9651 -36.2455 21.2493 -62.2867 -53.1744 97.5691 44.6573 -45.1922 54.0291 67.741 -76.6751 -79.1924 13.4965 35.8497 -74.0686 -71.2924 -11.0471 -67.7809 6.19948 -5.27249 -14.7226 -42.2714 -55.8398 -99.4493 -44.7705 -57.8755 85.8682 -13.4913 51.9465 64.976 51.7968 -51.773 50.6502 77.9527 -48.2228 -80.8836 -10.6479 40.7465 25.7546 57.6324 27.1282 -55.9323 -53.8868 -75.1777 88.8146 -93.5438 8.5432 -14.4297 79.7087 64.5101 20.8632 47.2458 59.4313 61.2724 4.51216 35.7908 -63.2826 9.97526 
54.2541 48.7946 91.2268 48.3716 -18.989 51.84 74.9445 -8.03176 10.1452 -90.2231 20.9463 44.5986 -31.4149 9.03941 -74.6037 -64.0192 29.473 -46.6584 12.0356 82.1376 86.5782 -80.0047 -38.3712 94.7894 -75.2391 56.828 -92.596 -60.3625 87.4448 85.2301 62.409 -91.6398 9.90656 99.4984 69.075 -56.1261 89.0867 79.986 -75.4333 -7.63519 75.3614 -0.787529 -36.0019 -83.3807 21.0324 90.8553 4.76184 32.2227 -32.5052 85.5305 -89.3997 59.6968 -76.1131 -32.9979 3.95923 -57.2995 -32.6109 -92.1996 1.8672 -17.9396 89.291 -86.4606 56.8297 -63.1031 26.6383 -89.459 62.3872 -57.5335 34.158 92.8383 -66.7026 
-70.3492 40.583 78.3155 48.6425 -65.623 73.9061 -59.8131 -78.579 -76.6629 -73.5358 84.5707 -20.8569 58.908 66.512 67.0758 -57.5828 5.91052 -61.8978 84.3812 -4.78039 55.9356 -90.6634 20.4067 -25.1068 29.7285 47.3339 -59.7351 31.3972 92.0089 -5.82781 51.922 52.7878 3.72374 -15.0349 -92.3878 38.9669 -84.1055 39.1321 92.8547 8.65883 -71.1188 -92.882 -67.1729 24.5702 -49.4031 82.2741 -19.3877 -49.6953 -28.7507 -13.1418 -73.6778 97.6877 37.1304 49.9871 -67.262 -71.8833 57.3545 -42.3247 48.2976 -61.7523 -70.3073 -54.2564 -88.0501 -58.4645 -13.5466 -78.3427 94.2506 69.5687 41.6458 -59.792 75.3107 
