21 21
13.2059 -48.124 -20.6117 -21.0392 -6.29267 39.1706 -59.604 34.7893 -95.7289 85.1932 41.623 -42.6878 -53.1289 62.7642 78.3569 -54.9938 -80.4625 66.4169 69.515 -61.2026 -32.7247 
-3.53668 -41.0624 63.7267 54.833 -22.54 -30.1533 13.6321 -85.2399 -27.3811 6.60353 -14.4931 14.3708 -69.6724 15.4375 57.4481 -69.3529 -13.5053 16.0817 84.3472 23.0807 -82.5288 
-62.1371 61.1625 -41.2306 37.3712 97.7101 14.0029 -53.0551 -97.4559 58.2994 37.4583 -37.8744 44.1557 -74.4032 -95.3213 -65.6067 -52.3103 21.3993 57.9231 -86.0179 96.5168 -41.3814 
-96.6835 40.2064 -50.7597 80.9001 88.7924 -66.6785 -65.967 92.8661 0.829062 -65.9611 -8.67972 -80.1037 97.871 -81.7502 25.1895 -39.3568 -69.8871 7.5548 -26.4307 -20.1947 -13.0108 
-72.3533 -42.3337 97.2252 64.3232 80.1584 22.247 -94.0339 -27.6382 84.2266 -3.97241 35.7287 92.5984 -98.956 45.9779 -48.7653 0.97672 15.7399 -60.056 38.4167 69.7233 38.8436 
44.5864 -36.1872 1.73532 -34.4957 30.4691 94.3665 17.6068 -82.1209 -5.86043 -96.3027 41.1888 59.8725 77.064 15.0591 98.2993 -84.1999 51.899 66.5001 66.8068 21.9564 21.3209 
-60.1235 -96.4569 48.6007 31.2513 40.0967 -95.3223 -81.621 -4.93236 -98.211 -31.9768 -34.3391 62.2298 95.9249 10.3328 63.9008 -19.3634 -41.0508 59.0118 12.0303 -7.41955 99.6685 
-71.7065 28.1692 39.2917 -25.2082 -74.7154 58.4489 -49.1345 -3.36342 70.9574 -19.1366 -28.0954 1.24579 -61.9914 -90.2373 -18.5281 -1.25812 54.6944 48.8428 -99.6409 -64.7861 -60.5117 
-20.811 28.8912 -24.9696 -63.3897 10.0763 -48.4177 43.5226 84.2672 78.4322 10.0903 -12.5435 -18.0032 19.7096 59.5682 -37.8017 66.9978 31.4581 -83.9075 -33.6342 -89.4267 6.00999 
9.84602 82.0798 -85.5382 -41.285 -77.6832 -21.5569 93.0951 48.7105 76.8062 81.6094 9.1573 -93.2519 -84.0368 -6.98091 71.8798 83.8209 -21.9985 70.9797 -44.3693 85.1974 -86.7798 
91.3057 -24.5204 85.9011 -60.4018 27.4346 93.0955 56.6198 8.89489 96.348 -79.0194 -78.6817 -3.88313 -63.6918 -67.4373 -19.2314 -21.3579 38.1792 77.8163 58.7762 51.7951 -80.3659 
90.495 -50.5314 -80.6148 -92.7088 43.8608 -32.0544 61.398 -83.8567 20.1022 57.5778 -89.6605 76.0268 -16.934 -10.2813 1.85687 8.41049 -44.8448 93.7716 19.4326 3.98667 4.00393 
94.0053 -52.1777 49.6731 55.1214 25.4434 26.7172 36.7443 -38.491 82.2495 -33.3072 6.07295 68.0901 -9.58891 39.2234 28.033 -49.1231 -11.3857 40.2854 77.1748 76.1807 -31.5274 
-80.7345 95.3806 61.4308 67.8585 97.5547 1.40276 -23.8006 -17.2321 -20.4693 -28.288 -37.2463 0.962101 -29.9612 42.623 -35.0683 7.48166 -55.8077 39.8908 45.1314 -77.186 -65.8606 
81.6939 30.1458 60.0221 -8.19675 37.3017 -70.8732 33.3192 -3.89122 0.206112 64.1193 53.0946 -38.8821 -90.6328 -66.2258 -56.5087 58.5958 19.2773 -5.90399 -28.3593 -35.2083 53.7293 
27.9443 59.4198 69.0959 94.1243 -52.8957 -17.2719 -89.5394 -88.5662 68.2435 -31.8959 -74.8737 -3.04883 -41.6728 5.92836 37.8944 91.9712 -40.6716 32.699 -28.5274 -60.3774 37.7351 
14.2541 -32.122 -74.479 31.8762 -56.0925 54.1412 -49.5554 -77.8972 -18.4905 30.5819 -10.2857 -71.1647 -65.4604 6.37808 -3.68926 -5.44589 70.9864 68.3257 -49.576 -23.5034 -21.9846 
-95.962 -33.1913 -46.1551 72.0387 -46.2383 73.5056 8.70949 -19.544 -76.6146 -61.0334 11.5845 -98.7279 81.0038 30.0312 -66.0364 -73.7059 25.3569 -26.2294 -37.9338 46.8963 -13.9818 
7.70861 -41.3668 -52.003 -15.0002 91.7912 -64.8354 -89.4041 -14.2608 -81.9035 47.8284 51.9426 -1.13959 46.8701 -54.4139 66.0657 -33.1155 28.3629 95.6075 75.9969 80.5692 -72.8917 
-91.2179 -98.4997 -84.9832 87.8379 91.6218 87.5213 -29.3107 -24.1943 -33.1642 9.85461 26.4951 -97.6563 90.3622 -81.9889 12.6147 15.5849 -65.2133 -39.8923 -69.3915 -63.6496 40.4828 
-5.37288 97.9717 10.2921 -20.7046 17.849 -12.1256 5.64194 24.1514 -87.0762 -90.4992 -19.7228 -81.4943 -74.0265 37.365 -6.32894 29.57 -16.8452 82.8804 -29.6944 -74.5892 -20.7756 
