43 43
-73.9869 -97.3466 94.89 15.5885 -3.73091 94.6638 14.8986 0.0567232 -46.6535 94.2031 71.0678 35.7349 -3.99963 -21.6991 -96.5052 36.7776 -78.2826 -95.4904 93.4134 -0.944021 -66.1628 1.38478 74.0342 92.9206 -84.1118 -67.7714 -34.4087 93.3208 43.2693 26.3153 81.7173 23.3394 65.8833 -99.0518 36.4694 -57.9726 55.2567 98.8095 92.0357 43.83 50.3095 -47.9098 -19.8667 
-99.6232 32.4954 -50.2442 -54.8896 70.6923 -74.5634 13.7193 -18.9947 -43.6934 45.7797 20.0423 51.4448 33.2167 73.7425 -10.2137 -61.4679 -90.4681 -96.9073 79.5217 -78.4142 91.7477 4.11122 97.3433 48.1982 67.9237 -7.05103 93.3069 8.30443 -27.4679 -52.3867 -62.6512 21.3283 64.4644 53.5925 -70.2753 82.7014 -38.251 -84.0351 21.6245 42.4955 21.2735 -55.7663 -64.7676 
51.4567 33.2697 -36.2397 -80.3309 78.0143 -14.0057 6.43814 5.77463 54.1595 58.8959 63.1015 -52.6532 57.8512 -94.4782 -95.505 47.5449 86.8263 90.3983 -75.9696 -21.836 2.49839 -9.54807 -74.3977 -2.7166 -57.8823 -27.8959 -46.7797 -27.0169 -73.3416 -52.7663 -42.5055 10.1089 -99.5717 99.2219 23.181 3.15371 4.36208 -86.5165 -82.5663 -91.1988 22.0574 -81.3337 23.9876 
-41.0848 87.6916 32.4185 57.4234 -84.7718 39.6227 -61.0573 10.5348 57.7792 95.2364 37.861 -70.69 -86.8746 99.2704 37.5382 -95.3766 4.95244 35.6605 -53.2118 69.0162 -44.4916 29.0506 52.9041 -41.1835 29.3606 64.1813 94.5824 47.0449 83.134 33.1598 -82.6038 77.149 43.9444 -26.7985 -2.58974 74.1647 85.8896 -53.8759 -91.9185 -74.9534 58.4385 -23.4277 50.0946 
-59.5679 42.4255 45.5275 -19.8337 54.4055 -7.48197 50.5139 -12.0507 63.4287 46.2368 -97.8988 14.3124 -51.1242 -44.1166 -67.8922 -63.5765 70.068 33.4467 -61.0689 15.2183 -25.5692 57.6946 73.4387 83.5797 -76.1204 44.4192 -46.1089 47.66 22.1028 81.1143 87.9236 -68.3544 -32.9964 29.7941 -51.0608 20.5576 -88.1141 66.5179 -33.6655 -16.4309 45.9698 14.2654 -41.8536 
-33.0039 -96.0148 78.9948 65.0033 -88.9848 33.1765 -2.58575 -58.6365 95.6461 -75.4584 -30.1558 -28.8995 85.8042 -88.944 -81.6734 -84.7681 -97.4314 71.0652 -6.97989 89.0602 35.5734 82.8048 99.7493 86.2703 -55.5967 -14.4383 -64.8678 -33.0503 -76.2537 3.35873 50.2546 28.2233 -50.6832 -32.1239 94.2124 28.1085 20.3766 70.1534 68.388 -2.2262 -15.7732 -99.8315 -67.6276 
-16.6256 -27.1712 -66.8767 2.54015 92.2832 3.06156 55.6723 84.428 -19.3275 -37.9539 -91.649 55.9165 -11.7136 -70.1234 35.6082 67.4768 82.8276 84.107 -14.0313 -24.8606 -31.2695 53.8219 -16.0342 -86.9247 56.923 -95.677 -42.8413 -33.5564 17.5582 -99.0608 85.1998 -46.6493 -35.5318 17.3297 60.3175 -43.1152 -37.4416 -80.9304 3.34201 -30.8545 27.6412 -33.7668 80.7077 
54.0256 8.26218 62.4425 71.48 -35.7761 -88.6012 79.9071 -0.966688 -47.1223 15.394 -72.8711 55.639 -75.267 -12.7088 3.03462 2.81667 -60.2998 -58.9646 -18.8074 -95.7539 64.3098 55.0673 -83.4626 43.5366 -80.6224 -21.1817 -1.54672 4.33962 -63.9776 -71.1657 -82.5251 1.38481 74.4662 -46.1935 25.3019 49.7159 -25.6572 -20.1321 40.1321 99.6477 -21.1211 18.3873 35.198 
-27.2681 -94.2434 50.4079 6.33892 -61.7398 -60.5183 68.7698 14.8534 41.7817 25.3591 10.2305 -55.9939 -90.1497 53.5228 -42.8392 1.89862 -89.9539 -55.8302 62.0275 95.4896 93.3741 -61.1499 53.2579 -94.5375 -91.6844 60.1811 63.3908 8.35641 46.2163 -41.8678 -71.4765 94.9653 82.5854 12.0236 80.1844 59.1854 -70.8596 61.8946 62.4417 58.1251 -91.8578 -53.523 39.322 
85.0194 -79.0779 -61.5391 -87.624 -95.7479 -35.2246 -20.6538 70.9373 43.5501 -54.1492 -85.8987 -99.2173 54.9371 -71.8751 -5.39912 56.9433 45.4698 10.4212 -50.9251 -98.3813 -94.8423 -15.2437 -0.0553247 70.1577 -59.9177 -37.1641 -17.6587 10.567 -0.0725355 -19.1034 -70.2599 -58.7514 -34.8045 40.0257 -87.8074 21.2903 25.5776 81.9482 -97.2999 79.9421 -13.0357 -91.709 47.2869 
-49.3908 89.4944 -67.0635 63.5415 -57.4777 -28.4434 -47.5095 -92.5999 74.0118 -83.2163 -16.5176 -10.6772 -51.4789 -6.66264 20.9825 52.6511 -92.3483 -97.7844 -61.6342 -85.5964 -18.2554 -18.6998 -87.2897 -78.063 -5.19604 70.2013 73.9406 -80.7682 -71.1703 40.9471 -1.41521 14.5047 -18.9135 -79.2989 23.0001 -37.3234 -95.1066 -55.9835 85.5726 18.8648 61.2179 89.8506 -80.2792 
-52.8032 -64.0225 -26.5685 63.8558 24.5655 72.0029 -46.502 40.8457 93.9499 16.0978 -45.0827 94.8773 2.42796 6.76367 76.9875 -71.8245 45.0251 -62.8442 -22.3731 -24.1338 -17.0338 -86.652 39.018 -24.6981 98.4178 -91.1993 12.7252 73.0077 40.2014 64.4979 16.0377 -54.5153 -38.577 36.9398 46.5884 11.1336 -77.3424 -94.3028 52.1577 14.0764 -18.3436 98.6149 20.7448 
58.221 -80.1986 -97.7316 25.3846 39.006 -26.7327 -96.968 59.6503 -56.9703 99.8808 96.39 26.5482 -5.08238 -19.5134 38.1915 84.2102 -79.29 -26.8901 57.4531 14.9731 53.5468 -38.8138 56.0586 -23.0431 -84.8798 24.7847 -43.0591 -94.1763 -20.5522 -20.8058 -82.3546 66.1631 3.20617 86.0323 -54.8386 -71.7208 -10.9671 75.8674 -96.949 -21.2263 48.9563 9.13542 -61.0208 
23.7605 -56.6762 43.5306 18.5677 66.8767 -2.58085 23.7203 67.7908 -40.653 -54.8176 80.7398 -6.67808 -38.4476 11.7422 -48.6895 75.9126 63.4266 11.5034 -62.6026 37.8925 59.5903 -65.1162 -8.76109 -47.5832 68.4546 -84.0024 -28.1411 32.9984 4.57152 33.4886 42.4121 20.8434 -85.5784 83.4527 -10.6593 49.002 -23.7473 78.3596 -9.37387 53.3046 89.84 -58.866 39.0242 
80.3724 19.5312 61.3722 82.4763 -20.2766 11.0697 47.8795 -89.3654 35.5923 0.489619 29.0305 -84.7333 87.0982 60.1558 38.84 -16.8068 -71.2125 -68.6541 -69.5906 -8.84804 90.9253 -19.1806 31.4941 -78.5864 -1.25558 97.4921 -49.9166 52.503 17.5953 -76.1507 -64.3965 87.6705 78.8482 1.07602 84.7084 94.3428 20.0116 -64.8341 -67.4386 -40.3046 -0.00623022 95.2887 -83.5289 
-70.2872 82.29 47.3005 -20.6416 75.9663 -34.7064 89.5974 63.3373 -89.3454 -27.4668 -34.6552 -50.6384 -79.2538 -17.7967 91.0456 3.65723 66.9839 -2.34843 -70.0981 61.8495 -95.1978 11.0061 -20.6782 61.806 -25.8629 -77.9723 -80.1951 -39.3203 -55.4874 23.7676 62.6619 -41.9682 39.6416 55.8183 -61.1913 -42.8147 13.5077 24.3228 -7.36211 64.9557 -90.3001 -73.723 -62.4672 
-86.2337 69.6161 37.9147 31.5417 -79.1196 36.4184 83.3965 44.5195 38.9115 -13.9376 -49.7865 37.9775 87.2453 -67.9543 91.6924 74.8817 -63.1656 -25.0692 62.5703 19.1907 -62.2614 -27.2055 -42.6205 77.7705 88.998 -10.4333 46.959 39.4694 -37.7015 -49.3045 -60.0258 -53.0962 11.3567 72.2319 2.30761 -16.0053 -0.969759 -98.7356 -50.0112 61.1501 -50.251 31.3557 -4.75081 
-46.8004 25.7819 -84.237 28.3252 61.692 57.1556 14.0453 58.9128 -52.2534 -23.2984 23.4195 10.8198 48.9197 -6.84837 99.5181 0.150789 -65.6894 -41.2106 -26.9433 -36.096 -64.7596 -15.0567 -58.2157 -31.8643 56.3192 -43.9844 -46.1237 -0.587708 -77.6145 -66.3425 -19.071 74.5352 -87.0112 2.79452 -32.5611 -53.8577 14.0424 10.7212 -9.33769 61.3696 39.3671 43.2787 -14.166 
-88.7772 -77.8625 -35.3978 69.3346 -93.603 14.8041 11.6888 54.0126 -10.4207 59.8738 98.6883 53.9677 35.8045 -33.8854 87.776 50.7319 51.0814 -74.8309 -82.7098 96.3479 -80.2168 -3.96332 -11.4974 -37.1619 19.1753 80.0131 -19.1842 -28.1225 -54.5338 50.7631 -24.0228 48.9292 -47.203 59.9357 -60.2449 63.1617 -41.995 -9.87691 -1.19657 89.2809 -55.2519 -18.6472 -3.08685 
-80.7569 -80.4683 -30.3843 -68.7714 -41.1907 -92.7464 11.6107 -59.6544 -12.3134 48.6959 31.9347 -72.706 29.8365 61.4205 94.639 -2.00274 -60.0723 -35.4405 -47.9443 -0.348508 -57.3698 -14.2518 69.471 -0.888449 67.8423 26.252 17.6692 -33.4156 -15.7853 96.6923 -92.2739 -48.2763 19.7789 24.2712 -73.5534 -11.2849 -64.9394 -35.7238 -9.23503 -13.1398 -40.328 6.51053 22.5293 
49.9292 -39.5099 -42.9985 -76.1269 -63.9932 66.1422 51.6159 -91.2547 82.7882 21.4827 60.2128 -2.82739 80.1211 -3.99399 73.0798 52.4168 -31.6495 66.545 22.3081 -67.0483 -81.2327 -78.6686 16.7187 -8.05737 -20.2206 -47.9628 88.7631 40.7642 -75.5864 18.5506 -20.4136 -91.708 63.5532 -61.2519 -60.4039 -8.62932 -33.0322 27.2951 -50.913 -95.082 -42.95 -60.2732 -12.4985 
-61.5299 67.6982 3.19557 -92.0004 -50.1357 -30.469 -92.4381 -6.69582 63.2723 17.2529 -29.85 -89.6453 -68.0791 -4.79779 -36.4247 10.0303 -20.8882 -67.7049 83.3612 51.7612 -49.0095 96.8068 31.3318 -6.71 25.0157 38.6761 28.4474 -83.8814 5.46585 64.4847 -6.2672 67.2276 94.4882 63.4025 6.3166 -36.9704 39.1518 24.9604 -90.5315 36.2443 -41.4539 84.3329 -17.5254 
51.2503 -36.5574 -19.8432 95.5896 -24.8941 5.07384 76.0122 -62.4598 38.8442 53.9311 19.9318 -5.50998 -6.2382 -45.4494 -68.365 -11.1214 82.351 74.0481 -72.9849 -57.3307 43.0207 49.6873 94.1591 -68.5085 -22.1691 4.26359 58.1344 65.0938 31.588 99.5744 -53.505 -58.3453 -10.2246 -45.4815 -6.9429 -89.2427 97.6199 98.2997 -76.6412 91.0948 30.1203 31.1042 -31.4457 
92.103 -24.4332 -48.9134 -86.9306 -42.3498 26.4031 -42.9901 64.7102 -15.188 -64.9639 -47.5301 -38.264 97.138 -1.23957 -33.4342 71.8549 65.7222 -7.40914 74.5785 40.0131 -99.6062 -80.64 83.2272 0.34802 49.1678 -37.3501 56.1513 -64.4498 -7.90715 -95.4793 79.573 -16.8077 -86.848 -54.8473 -17.9033 99.9184 -71.4616 -55.8431 45.7598 85.4823 -99.6152 -31.9754 -10.367 
-37.5251 -84.9732 55.6869 -70.051 52.6243 56.6087 21.6396 96.9213 -43.0793 -33.4682 -99.3589 75.0243 -66.3338 -72.2201 -3.0232 -10.9877 -69.5901 -1.22516 8.73091 -59.5968 -43.2774 36.7029 64.9919 -81.0517 -35.6823 87.2023 8.47593 54.8728 47.1499 47.9177 -47.9162 72.7086 12.6967 -6.15707 -81.955 -17.9903 36.9008 -8.96551 -83.3844 -41.4612 -38.383 96.2641 -89.0807 
21.1041 96.4276 59.3399 -75.0674 -57.9137 44.228 -60.1295 2.96954 -90.8997 49.4979 -89.2886 -73.9834 -38.5409 43.5225 82.8584 1.63034 1.13229 30.4328 83.894 7.05608 -8.46275 -33.4507 -6.35528 -13.2632 85.7185 71.4189 -63.189 -16.9699 -13.2483 -63.955 -92.4274 -26.9586 -92.5003 -53.1597 -54.3803 29.6222 61.0105 3.04035 99.117 59.5682 -37.7172 87.6059 -8.00443 
69.5139 -79.748 75.3325 -85.9082 -58.415 18.4809 9.14503 -99.4626 -67.9864 -47.1312 66.4739 26.0961 -2.43172 -69.9773 92.2977 47.6372 37.8593 -98.1324 89.0251 44.7687 26.7156 9.58211 46.4615 78.4183 -24.455 -15.9012 -51.662 -82.6339 -28.6629 61.9269 5.71228 6.30415 -46.1755 -71.1555 90.2139 24.522 -58.2255 4.3282 -55.8942 -14.499 -85.1149 74.5798 62.8238 
80.4312 6.63205 64.9018 3.73818 27.6122 78.8883 75.2551 12.8546 48.0074 59.6758 -29.469 -85.2099 77.0253 -35.5658 46.2802 31.9132 -34.3281 47.4126 64.1453 90.1034 -31.8677 -0.652119 39.8406 0.49394 -98.358 96.5575 42.1565 -75.6502 -53.2848 42.7322 -0.672195 -97.5839 -93.3965 84.9019 -53.5002 22.0362 -38.2177 74.5407 5.10204 -50.0542 -60.161 74.735 71.3199 
72.7606 86.9773 27.5413 86.3453 4.78681 51.8852 34.1555 51.8751 64.5143 91.3944 65.7925 -25.4051 16.2613 -97.1443 95.978 -97.2012 -61.1963 73.4635 -98.8272 11.9491 28.7166 40.7102 15.7001 71.1995 50.1106 8.39447 85.8311 -37.2091 26.8431 -47.8131 4.7232 -17.0983 29.6713 85.4903 35.4852 -0.368904 -0.174167 72.7822 49.6325 -27.0469 23.523 -48.8602 7.02549 
77.3479 -13.5166 26.2186 56.5295 91.3275 -59.5392 -75.6564 42.6777 84.6068 -13.3412 -25.5176 -74.8369 16.6462 -26.9925 -62.4181 -61.1998 14.9364 35.2855 44.2287 -48.6999 -99.2447 -4.88712 62.1505 -36.0151 94.0123 65.4166 57.555 -72.6705 27.1356 67.5663 -13.8974 25.6855 96.1663 66.9091 -59.2884 -59.7948 29.168 25.9349 87.8225 33.3281 -54.1008 -71.7591 -54.4981 
49.6995 99.8282 13.0261 -69.9071 71.0804 48.3664 93.5513 -82.9425 -14.531 -23.256 -63.7329 40.8697 97.3601 -68.6124 31.2498 15.9273 89.6804 58.023 -8.26977 10.0064 -21.736 82.4771 -7.78885 92.7644 91.7316 -67.2149 -81.0036 -28.2327 93.4201 -88.1911 -27.5566 56.1406 -45.2452 -36.0435 17.0937 94.6054 33.7943 -19.2196 -23.1175 64.0453 9.50645 -25.1122 -60.6347 
-87.968 -78.7852 56.974 -38.5142 91.4068 74.7832 80.7668 47.422 20.7885 -7.37445 57.535 -9.9917 69.5439 24.8165 90.2266 38.0927 23.86 15.7235 64.0958 57.5358 4.53717 56.2938 -69.4634 -71.6685 67.1922 99.6935 -50.651 -91.4438 -96.6164 -31.5708 -10.4495 -24.9103 -67.6 46.8582 -54.1272 84.7879 30.2728 -5.7035 -58.7567 75.4802 -3.94733 57.2632 23.098 
8.18165 -90.9966 20.8555 -82.0803 76.4049 -63.3137 86.2722 -23.147 -32.4611 25.9191 22.1267 83.266 51.9371 -93.3577 -62.8876 48.0747 -8.43871 -29.4739 32.2704 -31.1053 13.0381 -68.9807 40.7154 -96.1969 18.3882 50.3436 -75.3404 -46.8239 30.1432 17.4968 68.0776 -19.777 7.76993 -10.742 59.4739 -21.4206 -15.2063 28.1439 13.7986 -87.5211 32.975 10.1867 7.57602 
-69.8628 15.1255 14.3474 -64.0729 -73.5507 33.9625 7.62902 20.886 30.6377 -72.6334 50.3118 -9.74528 11.0034 -65.8301 -6.00131 -64.0877 77.6866 79.0588 -58.658 -65.2872 -82.5569 65.8373 -72.2235 -60.5439 38.8846 -66.4661 -96.2347 -17.3572 77.9674 -2.38873 52.5798 -91.8724 -99.9597 -22.551 -15.3659 -54.4319 -36.3107 -74.4831 -36.6233 72.5706 94.1192 61.0299 -69.8659 
-36.8729 77.2829 94.1664 54.9728 -71.5629 42.7951 56.4558 53.4588 82.0462 -49.2888 2.45187 8.62738 0.410359 96.8963 -63.191 -50.3979 -37.449 -5.4072 -78.8709 17.617 89.023 9.87557 -21.359 18.8136 0.713332 -11.033 -32.0914 40.3819 97.8843 -57.7297 -63.4702 56.2646 39.7591 30.405 17.527 -24.5091 74.8719 -27.8919 20.1811 -16.0091 -65.326 66.0325 7.42435 
-18.8847 4.75575 -70.0335 -52.6299 48.6328 -28.5633 -63.9203 90.742 -99.1355 29.1145 -72.4196 43.8878 23.0568 -84.6837 -78.7658 -16.0763 5.20057 5.98367 -32.4957 45.2166 -44.9855 -71.5513 37.7186 -63.3927 -40.3866 22.2319 51.5261 -0.0534397 -98.1612 5.04868 53.1801 -1.92465 52.3441 -53.2863 17.5031 -25.8861 -66.9006 2.03822 56.4354 -90.3333 -30.9887 -26.519 94.6468 
-70.9173 92.6489 -50.778 -25.1547 24.6644 -66.1662 -54.5659 -89.6132 70.4722 26.095 -20.7517 26.3683 -28.6405 39.4084 -63.69 -37.7957 -33.0125 -41.7606 -70.3112 80.4513 -55.2015 28.5745 51.8628 57.7025 5.34272 -4.8465 -55.1412 42.0126 -93.643 -58.0054 -97.3445 -68.7206 13.6883 58.7752 34.3172 -30.5544 72.6895 91.994 -56.4094 -72.3637 -16.1762 -72.7401 56.6645 
-40.0319 -16.7373 96.9357 -1.47144 69.5896 -7.45741 63.2469 -8.94765 16.821 -88.676 21.6868 89.7545 -96.8346 -98.6349 43.2253 87.9224 -87.673 79.1274 93.6168 16.9535 -62.0912 33.0304 -58.4128 56.6674 8.32094 50.0254 -22.2627 30.7736 12.1358 -33.8124 -85.7052 -46.9539 45.8756 30.9737 -25.7781 -52.0156 -26.7332 94.7784 -60.101 81.6569 7.45166 40.0614 -87.8097 
-18.3346 49.7562 52.2019 -42.9179 79.4191 -3.39612 -78.6009 -44.7746 72.9065 -60.6377 61.9182 58.4498 -35.0251 -67.039 76.2322 35.3213 44.6802 -59.1331 -49.9573 -32.9257 17.0324 63.0947 32.2397 52.6783 -35.3149 61.8147 -79.8761 -77.3025 -22.9991 53.3205 -41.6545 -86.7379 -4.70296 -42.6316 91.3589 69.3449 79.7605 -65.3432 -23.6982 -95.1851 23.2087 68.602 -6.60903 
-77.916 66.3495 -64.6089 -81.0051 -53.3271 -69.3438 -61.0962 -43.3396 -8.72946 84.0198 -79.9009 -94.7344 -1.39022 34.4928 -80.2808 -79.7729 56.7595 -42.5087 -44.4988 -91.3346 -61.3531 37.7505 73.0314 38.5354 64.3783 6.75826 -13.9409 95.8453 71.2708 48.1931 -18.6908 64.2476 9.20612 -72.7056 37.5157 -73.7018 94.5812 25.5067 91.141 7.31316 -87.7669 -98.2883 68.2636 
-93.5823 -38.2906 50.4558 11.0399 -51.5931 74.2255 -91.5859 -84.0096 50.1526 -84.8374 -62.6729 57.0171 85.6566 30.3286 -66.9963 -5.98639 -13.2072 26.7158 12.146 -61.7591 14.7218 29.3282 -81.3542 79.3675 -70.8177 -32.5817 -0.57053 11.105 41.5847 -85.372 -46.9081 16.0373 -61.4463 71.5579 72.8664 66.0316 -7.53184 12.4022 42.985 49.5644 29.1794 17.6277 69.1751 
25.6057 -44.6895 -97.2597 -43.3556 -77.1066 69.1114 -44.2464 -49.8683 64.1648 17.4507 93.9667 98.6751 31.9884 29.5194 -67.6388 -5.91577 -26.4228 -88.3204 -1.28058 77.3257 12.3892 25.1756 -73.3872 -18.0584 92.7263 50.4045 -52.3416 94.2323 -38.1031 1.81071 32.6608 -70.4055 94.2356 18.3564 -84.5856 -30.5449 31.6462 77.0863 -10.0735 95.2757 99.5226 75.9179 -48.3624 
-26.0865 -35.0162 83.5294 79.1232 23.8729 31.1083 36.6406 18.2448 39.6278 23.7743 -25.072 14.9875 95.7463 8.50073 71.7224 39.1295 49.7095 67.1403 27.8611 60.6708 93.6007 -53.6322 3.03664 36.8629 -44.6138 -24.692 0.996506 -51.7177 -19.4378 -91.4432 -86.1713 -81.2387 20.4135 89.5558 -36.4449 69.7883 -68.3824 97.639 19.256 35.4354 -36.8841 88.5704 2.40359 
