40 40
19.6561 -40.7304 44.277 -35.6356 72.1824 -30.296 15.3258 -19.8083 82.1698 27.097 19.4881 -63.5202 15.7705 54.6921 10.2807 -12.6306 -83.3297 78.5582 -71.5432 -26.8116 -23.2026 34.3774 -19.1746 -67.2546 52.0864 15.9187 -54.0212 66.3873 -28.7117 43.2042 -67.5356 -70.9349 -3.39609 -78.0749 -5.43526 49.5841 -39.3489 63.8765 -27.4929 -73.6269 
-47.33 -75.0493 46.6839 16.0199 45.6471 -9.08608 90.3201 9.65425 58.9477 -66.5217 -30.0036 -69.7832 -46.3869 -24.8186 73.8238 -43.7687 -21.347 20.7606 -77.1241 -24.6623 -99.2773 46.5157 -10.6472 53.3203 -45.635 13.143 94.4302 87.9113 -74.058 -93.2973 -47.1313 64.0618 86.1498 -79.992 -25.9479 93.4351 -35.5841 -61.2914 75.7619 -70.1272 
-27.5819 31.3753 -74.5438 -57.0582 23.2938 98.669 -69.5008 -99.9021 -55.2149 2.63349 61.1493 -63.465 -57.0458 31.2232 -31.6831 -98.4218 25.0728 -1.80481 66.504 -66.896 78.5598 -45.9948 -34.856 -25.1888 51.868 -53.8048 -96.8867 24.5316 -98.0995 41.1661 77.8768 75.4701 26.0091 -64.2598 -13.7373 -83.2347 75.2362 94.6141 -20.4568 -17.2985 
63.6767 13.7221 27.2153 8.02296 41.8441 73.8813 -77.6786 55.8365 43.9745 78.6206 -23.7692 -89.7333 52.7591 -78.451 73.3753 19.3171 62.9892 59.1648 -17.3784 -78.9057 32.3173 -43.3859 12.492 -46.665 -98.6966 6.58827 -70.8834 62.7388 51.0935 -71.1543 -90.696 71.4949 14.2764 -56.27 69.9513 70.7483 66.113 -38.6028 2.61697 -16.6571 
44.8995 25.3165 94.4104 -44.0958 82.5085 -80.0333 80.4323 25.4232 87.1311 12.1168 46.579 53.0253 -3.7385 -33.0218 2.19256 50.3462 -31.8258 -96.7219 -4.26535 -87.7697 53.9176 -6.70103 -24.1639 77.0838 -52.5096 71.0809 56.3446 -16.8274 -18.8771 -66.5866 79.6658 -56.7384 -1.84851 -67.9475 6.1437 57.188 -42.0549 -17.2699 -55.9032 34.5397 
-91.2028 -45.3589 52.1592 39.7422 -53.3212 30.7085 -82.0125 15.0993 -25.4429 -19.6172 94.3371 -76.3607 5.15022 -40.255 33.7009 10.7857 75.6601 18.476 -74.6378 -37.7922 25.9185 11.4766 86.6439 24.2146 -24.4572 -52.5443 88.4139 -26.7525 -28.5806 45.7214 38.8019 -56.589 -90.7798 63.0724 58.0751 67.7952 34.3205 24.5777 77.4843 78.1257 
58.5799 -46.8364 19.916 -71.6457 51.276 -4.43066 -66.1011 38.9704 -24.78 -78.1262 -67.682 68.3888 11.0943 61.5422 -59.5731 -45.103 -46.7876 41.3639 3.06005 30.2883 54.7659 50.3705 -23.7918 -68.9068 83.6915 3.77819 -99.9461 5.64554 84.5381 32.1895 9.04581 32.9651 43.9562 -28.7366 24.2148 -21.9465 -55.2218 86.6013 -91.7901 83.1492 
87.8283 -69.2852 -76.7878 27.5071 -87.4466 85.5415 96.5674 8.00353 -84.6892 27.9768 5.94772 -36.6976 22.7417 19.6568 -28.6559 -19.2234 -87.7445 77.6059 -77.0021 25.5584 -39.3744 34.6549 45.5919 63.688 3.48494 -28.6507 68.0281 -51.8672 67.9799 -61.8714 -72.172 5.21847 -93.1457 -98.9985 -68.2612 -66.234 5.91001 -70.4895 82.1974 91.6969 
-50.1792 37.4634 47.0119 -70.6865 -27.9577 -84.2605 34.4037 22.8165 76.7157 -39.5848 98.659 -37.3952 98.8515 -2.82879 56.5434 -74.7345 -63.5138 -76.9707 -46.2289 30.1003 95.6973 -14.8944 70.415 65.5131 78.3601 -1.81986 13.5777 0.0969978 30.2413 65.9618 19.7791 26.9948 -98.4031 -60.6328 -54.6934 -32.7251 -11.4382 -41.6133 4.59342 1.65976 
95.6571 -91.3478 -82.6124 -67.0581 -45.0324 -59.3442 1.80946 11.6016 -12.2859 -88.5653 82.5814 -54.6681 -5.92348 43.9929 -12.0938 -60.8423 23.6314 -27.8675 30.3439 -9.91567 -52.7215 -89.5837 -33.7508 -49.6395 -90.4066 -63.7248 -22.4521 46.9847 71.6133 5.42372 -43.592 -50.8814 35.7916 -50.6273 -93.4213 68.0601 86.0579 -24.1503 -94.6241 52.1554 
-23.9128 97.2327 -9.61903 -66.9955 6.05057 91.911 -52.2987 16.0489 -65.748 -26.0496 -16.0521 12.5803 37.2397 86.8563 -6.38652 61.8097 35.8073 13.4907 -61.3773 31.9893 43.79 -21.6359 -35.1713 76.2277 -40.5397 48.8998 58.4789 54.3139 54.242 45.6393 59.6297 -3.4609 32.6166 -13.5553 -23.8224 17.2295 -24.4024 69.5335 49.6921 -25.6285 
62.2822 -23.2219 -90.5343 -10.4493 -22.2055 -8.14041 -15.9424 55.3584 9.14515 -97.4324 52.9159 -43.1106 40.3181 25.9175 -4.41879 -66.6038 -10.1947 57.1248 97.1965 -17.6935 25.632 -2.82057 -5.2789 77.5302 50.6917 -25.4315 -27.5455 42.1186 87.2144 13.2278 -79.8214 42.4681 -39.061 -98.0045 39.1494 -15.4628 -83.2073 -65.2448 30.6147 -58.4484 
58.2773 65.8075 27.18 14.2207 6.78211 -13.1243 19.5121 -60.0004 -27.4106 -90.5008 -47.5675 -66.6369 33.3582 51.9256 -85.6062 16.5769 7.81924 17.9907 -30.4471 75.0256 -44.4669 44.36 -41.753 57.4809 82.0712 -29.2586 51.3886 88.4221 -89.1195 -31.3459 -30.2036 -31.7081 81.4947 81.6791 -19.7158 37.213 38.529 -43.3501 15.412 29.9202 
68.5094 36.8013 -81.2149 21.576 27.1928 30.0391 66.5204 8.11946 63.82 22.785 -52.6803 2.42697 -9.90806 75.1912 -62.2819 28.5141 36.3867 -49.2318 -38.5753 65.3464 76.1442 -43.7889 39.1764 37.6621 -13.5796 -32.7846 -10.9673 72.8495 -17.9201 17.3614 -6.53453 -25.9113 -91.683 83.3565 -26.911 -93.1635 0.986998 -11.5243 -89.5339 3.48288 
-63.2151 -55.4595 92.7879 85.5373 24.9013 -83.5225 37.3754 -31.2812 56.3547 -45.9668 35.191 55.4444 54.1559 -2.07153 -16.2681 -18.1131 -26.6765 48.7423 12.4335 -30.0154 -69.3181 -28.6032 66.371 96.9804 -51.04 -29.5943 8.86126 -68.8536 -22.3884 -81.5979 -15.6503 -34.9363 25.6281 -68.5073 -1.93479 82.0611 0.134417 59.1449 48.0036 -3.34529 
-24.3542 78.4936 42.703 -90.4683 99.3282 9.84563 75.4258 81.0343 -56.93 -22.0254 19.7378 -66.0052 51.3778 -93.9761 -56.1948 -66.7428 53.2819 -91.8364 -93.7182 78.6714 30.7388 26.8971 59.7733 10.6328 -94.7888 83.9498 -55.2697 81.3196 -62.0407 82.4904 16.3443 98.2488 68.0697 46.9931 13.6948 -31.2628 -33.4518 -24.6565 -1.22697 -21.7669 
-36.0496 -86.0969 -31.1312 -22.3788 78.791 40.8572 87.1736 -73.7583 -56.4041 16.2543 -13.801 46.3231 -47.8917 83.3973 58.1295 -16.8749 -16.2823 -57.2071 -79.7967 57.2703 -57.3667 37.4351 -28.6685 -32.2196 85.0436 -72.3587 67.9276 58.6388 -57.4221 -93.9843 6.54942 76.1438 -50.6167 85.61 47.579 60.0453 -18.9225 -30.9614 31.1263 -59.4991 
-0.823027 -32.617 6.87627 -30.526 -50.8114 12.3798 66.9061 90.5383 77.753 -5.43157 -88.3308 23.6169 -70.2236 -47.7264 62.314 -87.8967 -79.5178 -55.2901 -61.4519 -22.548 36.1942 -83.4836 91.5519 -87.4139 33.9368 -24.3099 24.0508 21.7847 -65.1443 -80.0744 -11.0306 9.2256 54.673 89.5013 48.0467 -78.6705 -14.3989 -2.30303 93.0183 -40.8874 
6.22711 59.0394 75.0195 52.4363 97.0768 -30.6623 59.2931 -60.7472 21.3799 -67.3408 3.50683 -60.6736 59.1359 96.9296 96.4226 -25.0096 63.2671 -69.8342 96.5662 -12.3075 -51.557 81.0446 -82.8746 -74.2322 -20.1387 -70.5312 -18.3691 70.7442 -2.74808 13.0144 -66.3709 -95.7078 39.0844 91.0197 -32.3498 96.8064 25.1521 -68.9475 -0.946717 88.5319 
-44.5632 25.9451 59.0369 32.9042 21.2908 33.717 81.2478 -67.7649 76.0793 64.8912 25.8448 -26.3123 -30.0852 -42.2435 13.5483 -94.2979 -64.4508 -24.4834 -92.5146 -92.4994 -37.7871 -87.8569 -10.4039 -58.4004 64.4481 -21.2492 64.6033 -11.6403 -38.3938 -84.2182 -55.7055 -42.11 57.4654 20.6313 -49.0715 55.6007 80.7652 21.3148 37.0348 44.3918 
92.4249 -14.9423 65.4902 93.3857 -66.696 41.1421 75.2978 -70.5066 -5.03818 -76.6657 78.8909 -81.0283 -43.3683 -91.7839 -12.4173 -98.2342 -22.9869 58.8426 -33.0303 60.144 39.4914 -68.4237 3.38373 70.3756 2.9984 -5.86668 -1.31219 -53.9298 1.02248 -15.216 63.9278 35.3126 99.3665 52.4469 74.9044 -81.6552 21.1819 4.09029 -54.5585 35.7073 
-67.5414 31.8772 -39.6493 15.034 77.2265 -53.97 -74.5247 63.8324 30.453 23.6054 -63.7118 -3.84755 -65.8245 88.3518 -70.8214 -95.6701 73.3192 76.6028 62.8713 77.9272 -76.9091 -10.614 10.071 63.2304 -86.5678 55.7849 -22.9071 0.747141 -42.7979 95.3243 -84.0791 82.4427 14.096 -87.955 -59.9662 -51.6998 81.8101 -17.8247 20.5274 4.44917 
-22.7444 -64.8196 -23.3044 -76.8489 1.29326 -64.2261 -48.8785 98.7792 -17.3608 17.5055 15.5827 99.2237 52.3984 60.0244 30.1509 -53.844 44.0844 -72.7644 49.0186 56.4273 -26.6702 -45.5657 -22.3527 -82.3813 17.2535 -20.1688 22.5987 15.7045 -54.5846 -3.35202 62.5438 -26.6979 87.9498 -26.9848 66.8735 -56.9397 14.859 -64.5351 -41.0093 -42.9418 
77.8152 40.2355 38.775 90.6258 -51.6675 23.8832 5.0728 58.5954 13.3465 -85.2398 -26.0725 -0.278294 -77.2832 -99.3271 9.00966 25.4134 -76.692 36.8278 -35.1463 96.7339 5.89454 69.4981 54.877 -81.6803 -0.052083 -75.3583 53.5482 -15.1531 -78.9003 -77.033 -93.801 86.6969 -85.647 -68.8925 -76.7402 28.0884 81.2084 69.6438 -97.2178 60.4667 
63.566 -46.5057 -21.3426 94.6853 -23.7924 -79.031 -73.5912 -47.2666 -9.75677 17.9472 38.9347 -24.726 29.6481 95.1345 -74.774 72.976 -92.8041 41.2817 22.296 -71.3698 88.0398 84.3059 -70.5454 -55.771 56.0937 -32.3494 -96.6273 -14.6437 83.9178 6.51397 80.2441 62.1941 96.3781 26.5343 -37.4113 28.6304 -8.04001 71.584 -87.8395 82.08 
-80.797 44.307 68.021 28.693 43.4875 94.1855 -23.5653 -62.1451 -73.08 -56.2955 41.5217 55.4573 70.6865 27.6055 -34.94 -36.6432 -62.0724 -51.2414 -13.5786 -15.6668 88.4829 -67.1898 -58.3515 85.8631 -99.0022 70.0733 -78.7743 40.4554 -66.609 -97.4196 68.476 75.8807 -73.4138 -65.2289 97.0478 82.4734 -69.7393 92.2486 22.2432 41.8008 
-53.3481 -21.568 -92.944 90.2561 -66.1866 1.05347 -94.2898 71.7218 27.8001 35.6074 52.8759 85.9301 26.8179 -71.7175 44.5813 78.4725 87.3858 93.95 17.7006 93.8563 42.8473 -66.025 -82.5061 -80.1712 -37.0871 76.5191 57.0597 2.73202 -82.9083 -40.5608 95.0508 -80.6138 -75.7553 -18.9826 -39.8055 -10.6862 -3.46704 -70.5084 -34.3745 67.0892 
-32.0988 -85.1828 -68.0811 -38.398 45.5432 45.261 -97.6346 55.9914 47.7825 79.8149 48.988 -58.5228 7.79093 -57.8291 66.6471 -61.7479 3.46252 -5.37296 96.5958 85.9489 -56.1202 -12.8442 -72.6059 -87.383 -46.2921 -31.4935 89.1927 61.2661 98.8405 12.5753 -46.3428 -84.106 31.0146 61.8608 94.8186 16.9644 -79.0606 28.359 29.8942 32.1126 
-83.958 -82.8594 -18.0501 32.5882 -90.3988 68.1292 47.2798 32.0898 -66.1541 -51.8207 49.4037 -71.4142 -58.7774 -72.3596 51.6738 80.9604 -98.5553 -18.5782 -44.4492 -58.2943 47.1244 19.366 84.8033 89.839 -76.0371 45.1171 82.2955 -58.8582 -29.9467 86.0215 -36.1646 -18.1191 71.5651 -5.5791 32.0343 0.969302 91.0611 64.0562 -7.72905 97.9316 
-62.9087 93.3727 -85.1503 79.4768 -33.8185 11.821 76.1708 3.14996 -58.6637 39.6756 27.7741 -0.711162 47.4945 40.3388 -26.3068 61.3503 -86.2646 -49.4725 -84.8066 55.1839 75.6905 -70.2633 83.9878 -17.8777 -70.7536 44.3674 83.0745 32.5867 84.7181 56.8856 75.7184 -0.139603 53.6913 -10.6577 75.7509 -53.895 -13.7702 -34.953 -54.8314 48.547 
-69.7767 62.8536 -20.3717 12.911 -5.22736 -56.2472 53.0833 -28.371 -30.9443 -80.0446 89.9572 -88.6495 67.0416 -31.3339 -29.3383 -88.0679 43.2099 29.0449 -42.0141 68.5219 48.0131 -44.6187 93.5271 -89.9669 -73.9714 -38.1263 10.5862 -78.2929 -69.2514 91.441 49.6926 -16.3918 -96.8202 -57.8206 8.35137 -38.5558 -6.57381 -86.0844 -19.8036 -39.0234 
-66.2991 -88.2806 68.1182 62.1909 42.3229 -78.6608 -52.2506 23.8993 75.2046 -35.7241 -15.5947 99.2536 -45.2129 -92.5867 95.8722 -76.3056 -67.965 -88.4674 -72.3862 4.55955 32.354 -26.128 66.3051 -10.5088 -21.4419 25.8357 21.1831 24.575 32.4482 -42.9224 3.31391 96.8444 64.125 -50.3875 -62.2636 -63.5574 -9.33884 42.17 -49.1347 -7.69767 
25.3303 -73.364 -28.5384 -45.2503 78.4112 56.4542 26.1917 4.39232 21.7686 65.3923 47.5722 -53.3948 -6.54655 -27.8645 80.9242 92.5015 73.3548 74.4889 -65.6488 39.7899 -50.4609 -96.8326 -65.6405 -19.7674 -31.1603 89.5531 -80.7532 -18.2455 -52.3534 95.7822 10.8181 19.8979 24.7256 -36.1377 33.7316 -73.1591 14.3346 -77.7891 -2.23905 -31.6918 
-43.2534 39.3805 68.3448 70.6227 -44.2847 -92.5587 -34.8446 -33.7605 -12.7566 -0.98708 10.15 -8.50168 -87.7775 -75.7481 -98.4674 57.979 53.4281 -33.5456 -0.926367 30.5521 88.3164 -65.8697 -71.5479 93.9464 -43.3075 -69.5098 -51.7603 64.4666 90.3248 89.1796 40.7205 -9.7218 5.71694 84.6696 41.6972 4.93568 -46.0152 22.8702 -19.8928 62.0704 
16.5158 -19.5874 -5.1478 80.8817 -21.0426 -63.5582 -22.8252 -23.7465 91.774 46.395 -39.1732 16.1661 -95.8211 -64.9304 -85.1554 -6.34406 -24.5882 -53.9 -97.7158 90.7314 -77.5173 -32.768 68.8348 -93.379 -20.9252 -90.0422 61.5236 27.7509 9.80018 -88.3778 34.7533 99.4979 60.4598 -52.9233 -81.252 -2.07923 54.3917 -37.9075 88.6479 -95.0679 
-5.48541 6.67948 61.9455 -82.6871 78.1088 -24.7565 -83.073 -8.44235 -90.6417 -14.4666 59.9385 -12.933 35.3985 -56.7013 21.9006 83.307 -58.6459 -61.138 54.3392 79.5457 -75.2623 66.2906 -54.5319 82.9389 -45.8682 93.5298 -44.7806 -27.3978 -75.2381 72.9878 -93.371 -86.4932 -91.7628 -56.9781 -30.6631 46.0838 -70.2261 -89.2829 22.9666 -1.03647 
-19.9883 57.2326 -90.9395 -20.0512 0.320608 -11.5393 59.213 -6.74499 36.8844 -84.1047 53.0583 -48.8051 -67.2309 50.926 -86.8597 -51.1968 -64.2398 -77.5259 22.2986 -26.8487 -46.0986 20.7418 6.59511 43.9357 27.3211 -14.3456 93.2011 30.8906 -22.0743 -3.56802 32.2182 91.662 -36.714 -51.6085 15.1085 -70.9833 -16.1379 -30.1451 -49.0871 -7.20566 
94.4545 96.8376 -50.9351 -66.3336 -69.4683 45.6631 59.8436 -8.20374 -80.2645 -5.21918 81.2903 45.557 77.3192 -96.9859 -41.7212 -8.8859 54.618 -35.97 51.9837 89.7378 24.0411 58.7661 81.6514 -85.5726 -18.0885 -12.6694 66.1973 -21.6277 -96.6868 -15.2262 93.3944 79.5241 -38.362 49.5323 89.9081 85.2584 -62.1876 13.4556 -51.5231 51.3819 
-24.4091 -43.1036 -42.1549 -97.4255 -30.4165 -9.30274 48.856 -76.5659 -43.2107 -42.0132 83.8992 93.4592 -31.2817 49.3063 91.1012 -62.9622 -4.8644 43.9819 3.28526 15.3505 -3.6771 -1.01956 64.3203 30.4625 -16.4001 -36.7088 35.7541 -81.1775 48.9862 -88.1753 37.4192 -95.2738 -66.9727 -10.257 10.8974 -48.0149 13.9565 -32.2735 -20.5644 -25.5154 
-37.3564 -48.8864 -33.1045 13.0637 -38.8998 10.4797 -68.0474 -72.6422 -98.2123 -54.966 -13.438 -52.8436 57.0274 59.8497 93.1869 -8.21909 61.7299 93.7493 45.1177 93.578 -33.9828 50.6858 76.0517 1.08487 33.4439 91.0838 45.7967 -94.267 54.2481 -52.344 54.6982 -88.0861 -62.9138 7.38437 -90.8286 43.8018 -22.818 98.1836 -28.4094 -76.0484 
