57 57
55.5505 37.8434 33.2259 28.1395 -59.0368 -30.7927 67.6045 28.599 62.5578 8.36551 -0.890834 27.7463 -68.1442 -99.5174 10.2285 -88.896 -75.0111 88.7483 -7.99379 48.4325 5.62674 -31.3968 -85.2423 -66.6006 44.4396 96.1163 26.8297 -72.8526 -32.8371 -92.5326 3.77797 96.3458 83.0415 78.7365 -76.243 -16.0713 90.1026 -45.783 -74.8394 -26.4223 -79.4406 41.4938 -12.8758 -3.17113 -97.1168 -42.2944 -41.2368 -67.366 -19.8935 50.2181 15.6894 91.7127 15.0924 58.1774 -12.8344 92.075 -95.5525 
49.7765 -7.14757 70.8489 -43.3271 2.24598 -51.8253 -27.2305 -63.1282 5.0287 -82.7214 -98.5615 76.3997 49.9717 73.8871 21.0041 15.8072 71.482 -1.86599 38.3273 -33.3529 38.3249 -73.236 -78.2435 -37.958 40.6843 -19.7998 24.6707 40.836 -69.9264 -53.6482 -64.9242 19.7649 -10.7562 20.3611 9.76854 -20.131 57.5833 2.6077 27.6264 -83.5485 -0.416022 7.92562 5.84179 -17.0464 -98.5353 -83.5204 72.4141 63.3963 -98.6178 -69.3262 34.1129 -64.2784 72.9027 75.2659 -6.25918 1.98204 -87.8755 
75.8401 44.2881 -50.6766 78.422 39.1624 2.16349 -38.24 -99.1716 23.1031 93.5689 12.5796 26.0417 82.589 73.5185 25.201 -47.556 -73.3131 27.1858 -87.6476 -93.5075 19.7686 50.0562 95.2826 14.2431 -16.876 -34.4286 -40.7227 -26.2967 31.0745 68.5166 -41.3343 93.6843 -47.9521 68.397 -51.3072 80.0107 -60.1615 66.3264 -52.8797 50.4024 -86.7244 22.4214 36.5955 60.0511 79.6334 -1.90291 17.8277 29.8822 30.4443 76.6246 30.3193 -22.9194 -7.03201 13.0798 31.8675 -2.97149 58.1635 
-45.7581 -56.653 32.2116 -20.2598 93.9929 -61.0791 43.0319 37.8614 -63.8779 3.61624 -21.8572 46.613 25.2268 -12.9718 -16.7055 30.6377 -71.3921 -87.795 29.2588 -47.0857 31.0538 -79.0744 -2.81159 -54.3693 15.4688 -16.3647 -41.8577 96.8797 56.9412 10.9132 18.4714 49.3353 -22.1738 -75.3024 -7.63496 79.1462 10.8868 -25.2681 -80.1769 67.2684 -20.4822 -44.4618 -68.8002 75.2367 -96.9851 -27.795 49.4543 -21.2717 86.0747 58.0059 -94.286 -64.7688 30.6433 21.6759 -93.0335 -14.4918 36.8231 
85.9342 95.9858 32.9466 -66.7022 -63.3916 -22.3234 11.4469 -11.3902 -35.549 -71.3772 -37.1493 32.1543 17.8419 68.4487 17.9176 -59.7021 -12.8993 1.11825 -5.53068 45.8891 57.713 -18.2102 -59.1053 17.9688 0.966876 50.2779 20.6422 -67.063 72.0942 87.0171 97.0527 -34.6454 -84.5628 -47.3894 -72.8597 46.845 -75.5649 -19.0823 84.4076 39.1939 -68.4186 88.0541 -74.9096 -5.2629 -53.5495 -5.67752 -22.0766 -42.0925 -49.3901 -99.976 -96.1233 54.942 10.4097 -43.4021 -59.8202 1.22679 18.6019 
42.1681 -80.6954 -46.9821 -28.692 -25.886 -65.7 -20.0651 -33.7082 66.597 95.5056 -38.1798 -88.7091 66.9303 96.7175 -68.8877 4.06397 -96.8642 3.91794 48.7958 -88.5984 -73.5182 -19.5894 -39.8499 42.3291 24.9588 81.7568 87.2441 -88.7787 95.9458 -39.7596 -39.4367 -12.1345 55.9673 42.8759 14.5 -99.0821 -73.478 55.4427 25.9152 -43.0263 57.4873 -11.2491 -63.9759 -43.5856 56.6404 -45.4598 -42.4689 25.5511 37.4746 34.9434 93.6051 20.4021 97.8974 -39.0312 2.17411 -59.733 67.3155 
-28.4662 -30.7621 -19.1626 -65.2529 95.0135 91.5267 89.3438 1.8918 -4.52885 83.5665 -97.6473 41.0183 -5.8747 63.9459 -61.1056 -2.44656 80.6527 -69.9383 -53.6229 -39.5641 45.9354 36.263 71.5711 96.015 -75.9378 -86.3433 28.4236 -84.435 -98.5313 -15.9053 79.981 40.0169 -36.6681 -80.0553 -89.8927 -27.0211 56.7376 -11.3655 -20.454 29.8303 -42.0707 -82.1487 -73.4203 25.7732 -29.7277 -32.8488 -90.1266 42.9332 -22.3448 51.4308 -2.25993 17.3879 39.0942 56.8229 21.9996 -53.3218 19.9269 
-88.4695 93.2075 -61.8647 40.2366 56.162 -85.024 1.11626 -38.9837 0.767438 98.3238 -72.3341 80.6151 98.8227 -86.5407 -89.0679 36.0851 81.6226 30.8142 93.6764 18.7773 -9.6746 -0.975659 2.10425 -33.787 -58.2821 52.5775 70.4577 -17.6416 97.9122 9.81914 30.301 69.3336 90.3702 51.7215 83.11 30.2724 -11.1694 75.252 -39.2768 74.8005 -27.3754 -97.9977 -47.7783 -10.1148 0.245636 -71.5988 38.554 -23.708 -59.9255 31.691 29.933 83.3041 91.3968 -93.1472 74.4466 24.0236 -35.0922 
6.01239 50.2739 -46.3218 69.3141 -38.1636 -15.2416 34.016 -93.2354 -7.70808 50.3202 -68.7673 27.4888 3.95969 -49.445 -21.2868 33.3018 -96.8604 67.2599 36.7304 -72.4838 -34.5404 78.7698 84.4287 -6.77404 -51.3417 99.2878 -69.2719 -53.0648 -59.5886 95.1726 -33.5173 74.2626 -68.4879 -76.6991 -80.9998 37.1457 -92.5129 -63.5716 -47.8146 -19.465 52.2137 -44.1375 -18.6074 65.0612 84.3698 3.73496 -26.5118 16.1606 11.089 -27.9977 42.9003 25.5268 28.7831 -42.0459 -65.1989 2.24307 99.3131 
-43.9494 -58.2757 -39.4749 -55.138 95.4464 -32.5482 -38.2287 90.5662 -53.6838 -64.363 51.1879 -84.7148 -2.27316 -5.03278 14.0779 6.92928 60.4404 21.4513 -68.773 -68.2355 -34.7271 -58.1407 28.9497 -42.779 13.3316 64.559 42.3784 53.1765 -63.3507 64.86 -97.2181 56.0777 97.1744 10.0296 -32.3366 -81.1814 -16.1041 -61.6517 19.0756 3.30901 14.4672 -50.0178 -49.7668 -30.0921 41.6085 -86.1505 69.3576 92.4014 -9.94694 21.7848 -62.8308 2.49574 -54.0973 -13.7954 -59.3316 13.8368 -45.5647 
-6.26015 -14.3813 92.917 56.2324 98.5922 39.5834 78.5553 78.2788 31.8135 88.8347 44.9216 -3.04053 97.8182 30.234 -57.327 -94.9975 -23.6457 -13.9313 57.0763 81.2443 73.4356 32.677 2.10552 -12.5963 93.4331 -70.4521 -88.4451 -97.0696 -48.1949 -12.178 -75.5916 -67.7179 64.8552 21.9465 54.879 -47.9564 -3.72297 27.9751 -23.0333 78.8729 16.2336 38.2183 -65.736 -25.0904 -93.9584 41.5594 88.4071 57.7648 52.4327 35.8292 -19.0847 43.1627 35.0504 91.5334 1.85885 41.7493 79.8252 
21.3231 -22.7354 85.8646 -73.6542 94.6615 -24.2568 -83.4974 59.9195 67.5931 36.579 -17.0743 31.7855 18.1224 -16.4236 -31.7808 60.8237 64.4002 -26.2132 34.787 65.277 -88.6825 -86.3343 -21.1051 87.3874 -79.4857 83.2611 -30.5591 -6.87496 52.5322 -91.2359 -1.33483 -34.4651 -55.6202 -8.31288 85.4834 -79.8583 22.017 39.7084 -21.1321 32.6409 -3.74312 89.3782 -21.2844 72.4555 -39.6139 9.56575 -28.3896 55.4516 -25.5231 33.5758 -91.1657 -22.7149 30.2781 83.4811 66.9543 -99.6312 97.766 
-46.9596 -49.3901 -99.5987 43.998 75.1185 -82.6539 35.9787 94.0125 68.7773 -60.1187 -15.7451 -28.4978 37.818 7.17717 26.6437 0.675718 -43.2143 97.8411 15.9973 66.5581 42.4545 -66.9132 -10.2458 -0.837759 -80.2135 51.103 88.38 1.88502 81.5036 30.2956 -22.3492 -22.2028 37.6141 -19.7254 75.193 -30.4536 -33.6091 -67.889 -10.8753 19.2258 -71.4347 -2.81054 -36.7584 1.79965 46.7313 12.6691 -70.2827 -41.0977 70.7086 -0.142672 2.10768 23.7806 81.0724 -16.9145 -82.6319 5.04993 74.1031 
51.1982 87.6124 -98.0236 -82.5644 -60.3973 -97.8236 78.9723 87.4468 -82.3452 23.4653 -18.7899 -2.59688 -45.837 16.984 49.7189 25.6087 4.99537 -42.7654 41.4719 17.3909 88.6414 -3.74795 8.17332 -31.0667 62.7535 98.3473 -76.7362 94.8849 -70.0774 9.94764 -10.0719 -77.7155 36.4295 69.8848 -46.7571 -46.3501 -6.86413 34.5 41.2611 75.7694 56.2922 -97.69 -75.8552 -98.9628 -67.8723 71.0305 10.3547 32.2708 -25.0587 39.1332 -88.3088 -6.19267 -80.2293 -13.7445 -2.98593 15.5398 -22.4208 
-26.1254 -88.7982 -30.8333 -15.9506 -81.8175 93.7173 -94.1567 -91.4064 -67.5876 55.0756 56.1113 62.1428 33.5725 53.541 62.8118 78.6768 -79.7009 66.422 -46.2826 -72.4476 -26.1842 -78.4973 95.0914 1.82058 -1.55012 -52.8242 -15.9822 -12.439 -63.0886 69.4827 -3.43072 -60.0704 -2.59007 68.7676 -22.5691 80.6939 22.9505 -71.2403 64.1836 -65.3951 -95.0141 97.6306 78.2045 -17.5052 -9.36391 20.7028 -48.4094 -16.6296 -93.3041 38.8134 -62.4324 98.6684 -80.0946 50.5478 -42.5791 -26.1851 -92.5832 
-46.6197 63.3617 -80.0576 72.7019 -98.7257 -83.3393 -83.806 71.8115 -63.7048 -87.1094 -48.1765 97.3377 -45.4537 60.4432 68.5425 -5.90177 8.98811 63.1167 2.32679 -93.6262 24.6768 -57.667 -8.96712 89.5332 -14.8233 64.96 -16.6524 -76.829 -65.2643 -96.7623 -84.1264 87.6498 -69.2108 -26.361 -48.5434 -69.5141 75.7691 50.856 -63.8376 80.688 -77.3444 72.0046 -18.0203 -66.8357 92.8384 -64.3422 1.44768 -68.8518 7.19529 -68.7587 -27.5324 62.5624 85.7855 -2.78296 26.7145 -9.30918 -59.4515 
-1.70846 85.8565 -9.45888 24.6541 -38.9286 -72.3165 -23.7375 44.0001 -91.0105 -13.4144 -55.3079 40.0535 -21.1726 -48.5522 -16.0551 -37.7761 96.8032 -28.9078 -53.0653 -69.1492 8.61064 -80.9789 -12.7386 -96.9452 42.7589 49.2971 -63.9924 78.9978 -84.4133 66.0476 61.4949 -55.0531 -77.4277 72.6592 -16.6949 8.28224 -0.369315 -7.07076 -38.3168 10.2226 10.4569 -50.9666 4.30483 -48.6903 61.7594 -9.50944 -25.1613 -85.5012 -18.3796 93.7978 59.3998 -67.7151 -87.2036 -30.1784 -9.15932 59.2917 -84.7335 
84.3668 -46.5322 -67.4175 -85.7028 -6.97837 -85.4101 -88.1616 67.3658 16.4796 -27.0013 -10.7309 45.0998 -8.16137 31.8255 91.9728 -12.8645 -13.5398 37.1823 -76.4586 -40.2703 -23.7569 -82.6006 -68.1399 -27.9938 -92.2332 37.0225 36.8145 -58.0225 16.2182 -20.2288 14.5013 -77.4031 86.1952 82.1852 86.7806 -77.7786 -25.5666 -97.6622 -8.71021 7.45856 -44.0379 55.2949 -59.1183 -0.440161 2.22072 -76.3275 -36.8594 -95.804 21.8732 22.3214 -44.828 -23.5838 27.7287 36.8346 78.3283 63.1241 -72.539 
37.7609 47.0523 7.56232 99.8384 -15.8284 -27.8636 97.1451 -82.2788 -59.0544 72.7523 -52.2726 54.5995 54.2106 -81.8204 44.0902 24.7287 15.2455 31.9259 -21.9768 35.9108 -47.7686 -47.5971 35.0315 -24.8413 92.0034 -98.9162 -84.8377 -68.0355 -72.6754 -55.1102 -36.7418 80.8927 -36.8209 -48.1782 68.6118 -41.7513 86.6686 39.0983 -74.77 -58.8094 -9.44266 97.27 16.8458 -72.1285 -63.6922 -74.8192 -85.6731 91.7022 39.3748 -28.242 -63.5283 79.3131 14.4332 -21.875 -52.8708 0.225726 -6.2309 
77.3463 -40.4691 36.3838 -97.0791 -7.99687 -3.35142 72.6977 30.4284 10.2949 25.6964 79.0873 20.7087 50.5441 94.5486 78.1477 27.6214 33.4105 -68.9633 -66.785 -55.518 -90.5422 56.914 -45.7163 46.2222 56.8118 35.8791 20.2308 18.6387 61.0132 48.9811 25.9334 62.8095 38.5572 31.2895 82.4193 21.4111 56.14 -54.7652 -38.609 98.7798 -7.41502 -24.2733 38.8262 -48.1887 93.0037 -86.6416 14.4492 47.4382 93.957 -65.0322 3.45872 -69.2471 -35.9083 88.6724 -83.3069 60.6244 -86.1092 
-37.3138 67.2076 -41.1801 86.5917 -52.5892 -65.9385 -28.0004 -3.1657 -5.89422 -64.1433 -56.7224 66.8417 8.47234 -5.29789 -41.6729 3.07956 -41.8604 51.6339 10.6804 -94.5755 70.3288 15.3823 -69.0218 -49.6377 -60.3361 -69.2352 -35.6832 72.5216 69.8929 90.4094 -88.7676 83.1337 28.4421 26.4175 -1.73918 -30.3551 21.1108 8.81274 -84.33 66.2382 66.2507 75.2038 -50.0057 -45.7505 70.6616 10.0264 -86.2415 -60.851 76.6787 -60.3004 -68.5488 -99.9827 -10.0315 1.35826 28.3084 -20.8822 32.6996 
-18.3547 -87.5603 -26.4671 -32.3045 58.7332 -71.3286 -19.5316 -67.7335 3.60946 64.2707 -1.89689 -81.0901 -80.6612 -73.4564 18.2685 38.8509 -33.6525 2.41317 -41.783 -47.4733 -83.4047 17.5955 -71.663 -40.6288 -48.2377 68.8338 89.81 35.9059 69.7258 81.0403 43.725 85.4679 59.7866 33.3415 -29.1819 -59.8807 -15.3857 12.3808 84.3573 -6.50167 -73.4996 92.6326 76.0551 58.8106 29.8617 84.8193 -42.5602 90.3227 53.4146 -60.6637 25.0768 66.3441 44.9481 42.0075 20.4485 78.0017 -25.8452 
20.5114 -65.7234 -12.4213 34.974 7.22151 -28.0981 -44.9861 -82.0136 -1.99658 43.4126 36.117 18.9889 -53.1141 -89.2964 -4.51469 -78.3866 -44.2832 -67.5018 96.5379 -87.761 1.50572 -93.3998 29.881 9.54159 -34.4999 -40.3752 14.3082 78.2303 16.8849 -14.8935 85.1427 -6.67719 -23.5446 85.9984 -25.035 37.4938 -41.1999 -46.414 -80.2444 -67.9136 -24.1937 -22.9038 55.8949 25.0724 -7.33336 -51.7895 -26.4956 88.1066 7.22868 92.3748 -57.5057 -98.168 91.2141 36.0516 -81.336 -13.8248 47.2456 
56.1379 -89.8289 45.7926 35.8153 -51.7361 71.9497 57.8796 -17.4782 43.2992 -70.399 3.33679 81.4306 4.72684 44.0241 -86.5109 11.9356 1.28549 5.20184 27.2792 81.8259 47.2983 -57.9766 -11.8983 25.6646 -54.9919 -49.492 -12.2478 -49.104 -90.9006 33.7872 61.7555 -76.1071 67.1843 -33.4299 -55.8122 -35.7322 48.0997 10.8277 -18.6253 -35.0143 -84.888 86.7135 -6.40996 67.8506 -34.4496 6.14527 83.472 -85.5472 7.64412 74.6998 80.0298 61.3286 -50.7199 -48.5757 -11.2085 19.3005 -15.9144 
-74.0686 -70.8823 81.533 -74.062 39.4664 -88.2692 58.7388 22.8665 -83.3286 95.6823 -66.8628 37.6333 -96.7139 -70.9072 63.5251 66.3657 8.0869 -83.5453 54.0352 -31.0672 54.3104 -4.61854 -23.7578 -96.8775 -19.3731 -3.22257 38.1962 -36.972 11.4668 -76.8114 31.2017 7.26767 -52.2795 -61.8929 -33.1508 35.2008 20.3366 -2.49329 95.3407 -8.36864 -51.7415 -19.3716 22.3524 77.3803 -69.9001 -11.6321 99.967 -53.9692 -60.3355 -58.1577 -57.0979 -43.7054 43.2897 -30.8427 26.0647 70.0835 93.5624 
-97.4497 -37.4143 -21.5147 3.0438 -42.8364 49.0353 -64.1635 3.90433 20.042 46.0071 40.7615 79.1646 -80.3253 -28.1444 -23.3107 16.4934 4.31644 -53.557 67.1236 -53.1322 6.84795 93.4758 47.2213 47.8049 57.6125 93.7124 23.8324 -49.5808 95.3622 -47.9268 94.7839 32.6211 62.4481 -34.0542 51.6344 18.7588 78.7295 6.14232 34.0485 53.3206 -39.9655 99.1167 54.9256 -65.9331 62.5288 -79.2627 31.9887 33.6627 -31.5338 11.5418 -17.043 -41.3449 -84.2873 -17.2545 3.3703 44.6929 -46.9681 
7.94144 71.7536 -36.5413 50.1337 -3.17813 -14.8207 -91.7054 -91.9194 -90.16 80.5162 35.4312 92.8883 -26.3102 4.72647 37.8382 -53.9786 -18.5111 84.2212 -94.0226 -38.0617 97.7612 72.6261 26.1443 6.83677 -94.3774 -1.69242 -44.5016 61.956 94.8197 34.0666 -42.686 -22.8909 72.1625 35.0798 -14.3441 -80.9641 37.1292 31.0942 0.517455 96.8689 75.9361 57.5642 80.8218 -27.4558 -49.7338 -75.7801 -36.7009 -32.4796 -84.6688 -28.6882 37.1758 13.1817 -54.621 -14.4052 91.8892 -18.9547 28.5198 
-68.3664 -34.3501 78.1958 37.4519 53.4235 89.5087 -27.8443 21.2664 23.6794 -20.241 9.31577 -29.9024 30.3421 -40.0535 21.564 25.4416 -3.67881 -29.7173 -58.4413 -23.1329 5.29615 12.3851 -43.7903 15.6237 -12.1576 67.7638 -94.4916 79.3084 -62.9258 6.01189 41.8825 -81.1383 -90.7124 -2.83503 -48.2736 65.9764 65.5271 -86.4575 -91.2862 -46.4904 36.5613 85.7256 -10.4891 -89.5037 -88.2633 -41.4077 60.8903 -17.2649 29.2555 97.2125 50.308 -73.2735 92.4695 -65.3514 39.1478 -42.3072 -57.8206 
8.50007 60.6622 -50.0727 28.2681 -97.2261 -78.7989 27.5486 10.149 -25.2501 21.3559 -71.1376 -9.74974 -63.909 80.7694 90.9757 28.5795 -63.7564 45.5191 39.6845 -22.5842 28.1057 -27.6241 -77.4088 -10.174 4.78469 16.2063 -20.3131 -1.66774 -29.7071 -87.8875 74.6539 -92.4015 7.78999 -73.5992 18.004 -6.4721 23.4467 68.6437 93.8354 91.0473 31.4753 4.89803 -78.7912 -44.0692 -70.2818 -26.6659 26.39 -63.9285 -47.0491 46.5664 41.8119 -66.6422 -56.094 27.6223 47.8032 29.0291 91.4025 
2.07464 68.4074 -77.1423 69.3329 78.4365 82.9021 -63.8853 80.5513 25.347 6.28471 27.0924 -58.1197 -18.535 82.2745 -11.7461 -16.1989 -55.7141 12.847 -79.7472 89.4372 -28.5064 93.4966 -2.25131 -37.7397 -91.217 -84.179 2.86157 94.4565 -70.3668 -54.9877 22.2085 58.0445 -46.5052 -13.582 -72.444 34.4451 -81.5602 18.4014 72.6626 39.6847 -19.7995 29.2507 16.7496 -89.6919 -51.591 -89.5368 -45.3192 -80.2468 91.9935 -65.9748 -37.8483 82.9991 -34.9314 -91.4531 -51.9495 85.3328 -11.5212 
-37.5386 87.9322 76.3035 32.557 -14.7937 -37.2124 -29.4864 22.1105 10.9772 94.4422 90.7567 -51.3574 36.5645 -61.2821 31.8745 -85.8671 31.7799 -74.4432 33.5409 -78.1685 22.2534 13.1764 55.9064 19.2932 60.7248 1.00713 -73.0918 -53.5764 -57.8116 -39.0203 -14.9189 57.2986 17.0584 -99.693 59.2365 -11.6026 -4.34517 -29.2345 56.109 23.1377 75.544 67.7362 42.2844 73.3189 71.5062 5.46366 27.7414 50.125 51.361 23.8489 27.7763 36.7286 97.9654 -94.9209 64.1943 -86.7394 -29.3091 
2.56252 68.2259 73.3301 59.5661 -73.025 68.0284 -45.855 -84.6913 -5.86286 62.8593 77.0103 -88.6987 40.6756 35.6143 -30.735 36.9927 -64.1936 97.8544 39.2758 -91.8839 -93.3086 -37.2996 -93.7296 85.789 55.6424 -17.3894 -64.4579 55.5133 12.2723 59.9743 -11.9899 85.5384 44.6003 -2.90974 95.9714 -8.89918 31.4913 74.3051 46.49 -42.0632 43.2094 19.9475 58.4609 -47.1046 -86.9003 66.7445 -24.6311 25.3712 13.6817 -52.2685 -76.4361 -61.1078 -38.8423 -22.6773 63.0713 39.8036 -20.325 
-1.8647 59.9797 79.0918 96.0093 28.2189 75.5956 -65.4731 -5.68053 -72.6741 -33.8929 -37.7981 -73.0789 -36.3132 83.8024 66.9659 96.2033 88.916 11.6545 77.6709 15.3227 -71.658 44.3233 -58.1625 62.3641 -46.4681 11.1611 -15.8903 -68.4686 48.6807 -23.7653 -22.7051 -5.00817 27.7704 -63.4348 51.0452 -82.9554 -31.9241 51.6027 87.2325 -83.8447 21.8065 -97.931 72.9452 -9.31318 73.4154 93.4524 54.5238 -18.5605 53.845 -27.037 -11.6255 10.4942 -24.7099 -99.7333 -17.5347 94.9358 -14.4924 
26.1777 -31.7652 -78.3735 -22.9629 63.3015 -91.6768 -12.4103 19.659 9.63855 -4.82602 89.097 52.7014 -46.9095 -7.14286 -50.0673 -80.2854 42.9057 -83.9722 79.1501 75.6578 -18.5334 -90.5304 55.7602 -38.8254 61.7643 72.4436 -40.3665 -39.9303 90.6118 -87.3524 68.6235 -44.7208 -23.2073 -45.7944 -65.9688 62.9459 -68.135 54.8921 -28.1341 -49.2523 16.9017 66.6821 -74.623 10.4837 -0.828279 79.1126 44.7789 -0.712929 17.8107 -56.1841 -86.1728 93.1299 34.1573 82.1256 84.373 57.0858 40.2824 
26.5209 -62.6918 -60.2937 43.8817 -80.7334 -86.2149 -14.3066 -50.6658 59.2049 56.8383 80.6219 12.8874 -2.20116 5.13992 -13.4322 44.4475 29.5794 -59.2691 64.7068 -72.1374 -12.8331 -85.2176 -51.8139 -36.9417 -79.6548 41.7115 44.8562 97.4955 6.26426 83.3614 54.8401 97.9563 -48.0595 64.2937 -16.0788 -36.4404 -53.9719 93.8271 -48.6753 -86.3489 -65.7981 -67.8664 -31.0052 95.1565 95.2098 -9.62735 -6.80266 67.6183 60.6774 5.20469 75.2267 -65.0689 -12.2558 16.1917 -66.695 57.2237 -40.8552 
-52.6906 29.2529 53.4537 -3.77306 -13.7509 87.8519 -73.5292 -5.45476 -78.1654 73.7744 -73.5642 5.74244 -86.8884 67.4486 9.33073 21.6168 -87.1452 -49.5719 44.3136 -20.7428 -24.7241 61.9318 88.5106 -2.81997 4.77016 -27.9498 47.9253 81.3379 45.5873 -14.2862 92.5017 75.5243 -63.2363 -11.8535 -22.3935 32.6173 -1.34616 -24.8729 -38.4679 69.8034 -13.5761 26.0227 -36.0272 91.2405 79.1712 30.3833 52.7915 67.3349 97.7995 -83.45 55.5091 -58.5532 95.6067 62.0864 85.3046 -85.7914 -95.9623 
-38.9875 -63.041 70.737 77.474 -93.9104 47.5361 -60.7868 -43.8239 52.0484 -21.9742 79.6336 1.2386 17.0958 -70.1415 -67.3928 -70.6063 -79.4633 60.7895 89.2653 82.6571 17.5959 -65.2376 -48.1047 -96.2682 20.5921 91.7119 1.39783 93.3557 28.9728 -53.9258 68.3355 -85.0078 74.183 -6.63272 -76.178 76.6167 96.2395 98.0016 -86.2908 -89.2503 -29.8904 32.0402 99.2075 -20.3146 -26.8186 60.4569 98.8491 -43.4101 6.80434 -39.4512 -56.1779 18.3499 6.59811 94.3563 46.3674 97.3821 -99.189 
-69.4591 0.587652 76.6675 -49.7298 -9.17304 28.7988 22.1755 -96.8561 -59.8375 -88.7731 -8.90751 91.4384 5.58632 89.2494 13.826 -26.5041 -54.6918 -4.94623 68.787 -96.0827 -62.6283 5.69223 69.393 88.813 79.8136 27.6048 -46.0675 -57.0704 18.2805 40.0011 97.9632 68.1621 0.447608 -77.0442 -81.9813 -60.4964 37.744 -36.1245 54.6966 85.8286 -78.3617 -25.1545 28.2817 -69.4005 -13.786 98.4777 -84.5107 29.031 -76.7301 -2.3596 -57.8417 54.4649 -9.02978 36.4514 39.1704 -62.5311 39.6566 
-92.1194 -49.9562 -13.3238 66.5766 -47.8154 -32.6399 21.5012 -30.1369 89.7605 4.69379 88.4756 8.82803 -27.3762 88.591 -50.9321 -15.3949 57.3796 -21.5369 30.0923 -39.3623 37.4956 -10.6301 -59.8135 -85.8559 19.5017 -35.3643 31.678 12.1658 70.6565 -75.5722 58.662 -67.3809 -71.5441 -42.1294 -68.9615 -36.3592 -89.2128 0.708346 -94.8331 -59.8041 71.955 -52.5382 -9.64759 52.9381 -69.259 -36.3103 -67.9308 86.813 65.3463 76.0096 93.7611 42.7649 -51.1202 22.8239 1.11738 -20.1347 -3.6236 
98.1817 -59.3564 -2.77027 40.1271 15.713 88.7162 53.5489 -4.00683 57.2176 56.0669 -84.2831 53.7964 -43.9738 -67.9501 -37.6104 82.0296 70.8308 53.3025 55.5793 -78.6874 -98.8342 93.5549 -22.3273 -54.3619 -60.0356 -18.4612 -76.8765 -63.7418 91.9402 38.482 -33.4095 86.1594 81.6131 71.5319 36.6121 -60.74 -57.1595 -79.7915 -55.2559 -85.8162 87.0002 12.1259 0.6395 -51.9227 -64.0922 3.09506 18.7076 18.1372 32.0354 19.4568 9.62426 -45.0517 15.6126 0.699856 -37.5188 22.1651 -70.9161 
-86.5534 97.7403 -79.5715 41.5249 -90.5095 7.57582 -73.2501 85.5708 -11.6361 32.15 -55.211 68.4267 46.7191 8.23652 31.1532 -7.71877 70.6127 -13.1511 -30.7984 -28.6395 55.803 81.6686 4.23319 -52.7162 -0.951663 5.39237 29.5133 30.6074 18.6855 46.5412 17.8544 78.7589 -98.6395 -33.4841 33.4457 -77.678 65.7243 28.816 -89.6154 34.8074 8.39447 85.7951 -42.2829 -48.9414 42.3963 -46.0061 -24.3105 13.2661 -37.2874 -89.2783 -99.9562 35.7163 83.4668 27.1919 13.9214 -22.4005 -85.4811 
-80.2617 41.9363 22.7714 -81.2557 -63.906 -67.827 31.1682 44.3357 -49.69 60.7344 -36.3797 -33.5449 11.5661 -8.83052 -14.4683 31.4709 -68.4836 -3.40041 49.3089 -65.6488 41.1627 21.2671 36.3409 -18.4074 27.606 -25.719 -58.8212 -7.88181 -69.6559 92.7805 -37.9534 -83.5502 -28.7803 88.6738 -58.9669 -56.8545 46.4428 -35.4035 -26.684 -78.1106 -4.65183 16.6803 -54.1163 66.9059 88.2953 -20.9771 38.0831 62.5414 -67.4733 -23.9264 69.2866 99.6862 25.7534 37.4982 33.0144 73.8158 22.7838 
-72.1726 -5.58818 79.4765 -38.8274 27.6366 88.7646 67.0655 -29.6956 -94.2037 -80.7803 -74.13 97.7948 36.8854 -67.6364 34.8721 95.9139 24.3767 99.747 47.0602 -59.9153 2.89748 97.9713 3.09027 -61.7772 -90.1685 -61.977 -46.7699 -62.0918 22.4679 18.1884 91.7245 14.1029 27.3618 70.4194 -60.6404 16.3139 -12.2418 52.7625 -21.3577 41.5398 -39.8575 -84.2984 -3.83829 89.8859 -88.4304 -49.5732 23.8946 -2.83209 0.990286 43.7377 98.7882 -67.3371 65.3665 14.0039 -36.3975 67.5724 88.6671 
28.3991 -96.0863 76.8879 55.3579 0.342052 -51.1365 -51.9505 67.221 -16.2706 -59.3753 79.7969 -53.6373 -82.792 -85.4445 -65.9402 -57.2288 -44.1893 -89.5305 61.074 70.7528 -58.1356 -84.3514 -93.4695 57.9698 98.9904 -68.719 39.2508 87.4988 -7.57943 12.5065 -2.95969 56.4884 0.716105 35.5746 -98.2554 21.1966 51.15 77.7225 82.2762 16.3631 14.9209 -23.6389 -99.3391 7.06273 -96.7492 -63.0628 -95.9863 -41.2801 5.26536 94.8445 51.6629 97.9987 63.6486 -57.5584 16.2267 -77.6637 -93.1499 
29.146 56.9983 -29.8181 47.3188 86.9503 -25.8841 -34.3335 -42.9178 81.3021 44.5957 -79.9603 -93.5529 56.7038 20.9425 -19.1472 -6.69937 3.69013 20.0718 -53.1679 6.9004 -25.0575 58.9167 12.9121 12.9408 95.5742 -84.7217 82.0453 -65.0793 11.8105 99.3293 27.9042 -14.2819 -35.2453 32.3844 85.0982 46.1644 84.7423 63.8255 -85.4493 54.1932 25.9508 -45.3812 77.6033 77.9697 36.0481 60.9649 36.9859 22.5682 -96.0947 -63.01 -8.91271 4.08675 86.0253 27.1273 -72.0264 51.8057 98.0378 
-79.3167 -76.0909 -59.1276 43.0215 62.305 -40.6189 -81.608 13.5736 -68.3963 64.1346 -89.5759 97.2845 61.2399 58.3818 23.704 -7.14959 36.8495 -69.7863 -98.3947 80.2716 -74.6633 -65.6254 33.8069 -6.82442 -98.0078 -16.4788 40.2466 25.2836 -58.6525 27.6446 23.447 74.5541 31.173 -75.8134 4.0549 -49.2843 79.1863 84.025 8.35235 -22.0202 -93.535 -43.1596 16.1951 -8.4042 -49.3302 -92.4155 -26.508 79.6371 61.4735 -15.4715 -29.3397 87.4825 -80.8402 -81.9816 -65.0263 -96.3277 19.515 
-11.9998 -79.8484 -11.9388 -54.5784 -98.6164 -46.1602 -14.0342 -72.5247 77.2932 66.2886 -87.0676 54.046 -48.3136 -6.79864 -64.74 -84.5272 -49.1166 96.5869 -64.3893 8.19976 13.4007 25.28 80.2001 -77.0941 79.0647 41.0734 -79.2529 -3.93619 44.4684 -19.3172 -63.6325 -71.571 -93.3791 -22.1352 -25.7842 44.9408 -79.5595 43.9853 60.532 -38.3443 -52.9874 41.2354 43.555 29.3268 96.1496 -12.8508 17.2442 23.4791 13.2823 34.8198 16.5399 -14.1141 -16.497 -65.2228 0.182135 61.138 -53.9244 
91.9571 -77.6556 42.1664 91.1954 -78.102 -60.7672 86.3002 47.4901 -33.8787 0.848223 56.0799 -65.4657 -81.1849 -74.7706 -68.9117 1.58041 -38.0799 -8.74446 31.9214 -96.2099 -0.00977269 35.7503 55.9016 -62.2153 -52.7236 73.8186 69.2443 -11.2471 -30.1535 10.1196 80.6008 56.9503 -35.5757 79.5707 -54.512 16.7038 -59.0475 -10.7788 40.4754 70.7623 -97.9861 -52.9002 -92.8825 -76.1106 8.4161 49.319 -96.1766 -39.5729 98.9139 46.2976 -76.6484 -30.1732 78.4005 77.7579 76.4902 -29.6872 46.7665 
4.16731 40.0545 -4.29899 -53.0809 69.0196 11.9083 -57.033 47.0979 -24.8728 -36.8197 -28.3384 -83.0953 17.7405 -35.247 4.04515 -13.2326 -0.707288 -87.3854 -86.3412 63.337 -94.3621 56.811 22.3332 -45.3729 16.9471 29.3649 -64.5534 51.3737 37.9877 59.5053 -94.9297 -84.045 56.0154 50.2832 -89.5862 -76.0179 -32.6181 -12.5096 -49.6273 -85.1945 -63.997 2.45901 -71.3662 -51.7614 46.6648 94.4719 -10.6863 -4.86952 -42.08 -38.8483 76.9855 96.0122 77.331 -98.4763 -90.9552 -84.3727 -51.7059 
-21.2068 -23.4225 -61.2076 84.4927 68.663 19.2026 -62.1787 -37.344 -41.4375 -39.8768 -10.0241 -75.043 -48.0186 -48.2709 -89.227 -38.4812 47.2857 -69.6611 6.62314 -84.848 -40.3002 75.3774 67.2641 -93.0655 47.7834 96.3207 62.1832 -86.8983 -99.0808 -51.7254 51.5711 -44.6523 -70.8496 30.7469 -36.0866 91.8304 -6.99155 93.0707 39.9752 63.2053 91.4156 22.5575 -75.3326 84.8735 69.1194 90.4955 -42.6925 67.6338 -78.4181 27.8329 -12.3894 -29.081 36.0309 -28.9974 40.8579 98.7441 -8.29235 
30.5042 84.6093 29.2828 -44.4158 -97.1311 -83.0053 -70.0641 33.1025 -46.811 47.9574 19.371 -31.3215 -19.6855 -53.7991 -1.41912 -51.2211 -73.2583 -52.7947 79.1922 -16.5832 85.6467 63.3295 -20.3196 87.6486 -89.7222 39.4039 61.0282 -99.7799 -0.606734 2.62043 41.6322 -87.962 22.6351 28.863 99.735 46.7364 98.8593 -70.9294 89.1946 92.8815 58.8895 -44.1651 -83.2699 82.4263 -61.4563 -96.7075 36.7289 -97.2746 -93.6382 23.3512 64.2708 -0.27527 -26.4604 80.7615 -41.1491 7.6401 7.19426 
-86.008 63.1825 -91.5677 20.8948 -21.7742 40.6678 -95.6433 -77.2875 29.0131 22.7139 -48.0377 30.97 -86.5514 -69.2481 -53.1811 -15.2261 95.747 19.7832 96.5978 -80.238 39.7397 -95.6102 79.4241 80.1895 -55.0235 20.0664 56.3154 93.4578 -53.9719 94.9509 40.151 18.5754 -3.63911 37.5089 11.5339 50.7634 -19.8169 -62.6635 15.0972 -61.4834 48.8684 -68.1716 39.7818 12.0219 52.6919 -6.75678 38.7645 -84.2888 -42.3099 98.2953 49.8144 30.4996 6.90759 95.8145 -45.1757 -67.3709 97.3082 
59.3422 -35.2562 48.507 57.3809 1.36154 83.3528 -89.3106 -43.9484 -40.2469 -29.0262 -42.7178 41.8903 50.0599 -43.8471 62.5441 -20.9221 -37.1625 9.743 -49.3291 -74.7185 6.73853 54.3917 -38.8482 77.8057 81.1724 64.7687 -31.9425 -56.9487 62.55 78.5699 -76.1845 -33.1591 94.6079 75.5104 -96.5012 -95.6291 -39.0215 -34.5647 71.1428 96.5786 -3.25418 -93.0828 -42.9521 -95.7408 84.5532 86.271 -42.9697 8.62907 28.759 -46.9274 90.4071 72.11 -47.9616 -91.4425 -73.862 1.39445 36.4642 
54.4832 99.8661 48.7965 -76.61 16.0657 16.6431 -79.5778 -64.8166 26.6404 -55.3 -27.7826 57.4557 58.5238 8.72271 2.56206 60.5827 13.5262 -64.5916 9.25612 -32.4556 -81.3964 -28.4634 14.8546 61.9894 55.9281 -16.8276 -21.3533 -85.1427 6.14187 26.3599 30.5976 53.3659 -78.7729 64.3915 28.5623 45.8978 4.03946 91.1996 -8.6383 16.0253 -63.1021 42.601 -4.98632 -4.9976 5.27555 66.2154 81.9947 85.4966 -57.8727 -66.4677 77.9461 39.4797 -63.9906 -89.1739 53.4635 -38.2281 99.8514 
2.74801 -14.2087 -6.29557 -9.66437 -29.0945 8.6999 19.178 -75.8148 -19.9079 8.31599 -33.1892 -10.9489 -18.3752 -31.2569 65.259 8.85027 -53.5403 -51.113 -55.991 -41.4635 -76.2048 26.7491 -27.3607 -51.5234 45.4761 -82.824 -22.8797 60.4555 76.4171 -57.0185 90.8299 -22.4593 -73.6338 37.53 -32.6809 -67.6952 47.009 80.6037 -92.8435 -20.6647 87.7126 -13.9157 -81.4682 -35.8672 -19.5658 -42.3658 -42.7943 -43.0587 -87.0731 -36.8557 -33.4153 -11.4949 5.70777 -69.4363 -16.274 82.7785 57.6972 
-83.6947 -57.6471 -74.6497 -37.0782 26.6039 -69.0846 94.8747 -41.0585 -69.8024 31.5752 84.5824 -22.8528 -87.6671 -21.0786 -68.0466 -59.5832 -14.2591 -51.9254 90.1721 -77.4313 12.3257 -41.5037 46.8534 65.7637 90.296 5.31584 -56.7238 42.3546 53.0408 56.77 -66.2057 80.9471 78.6374 58.4387 -21.2457 -77.17 3.19594 -85.9177 -18.9667 25.9874 -29.5555 60.0011 38.3519 -19.6713 -16.1921 59.5213 -24.7603 53.0168 53.9797 36.2973 48.5561 82.6778 -33.6485 69.0625 -65.9792 87.4505 -18.8812 
63.3893 -15.2323 -8.67712 -36.3089 -42.9741 -65.4882 -60.4022 19.5503 -18.0722 59.8182 -35.248 -13.367 -58.5037 -71.4281 -92.1989 13.109 -77.0607 40.7758 -81.4111 -76.3105 49.8722 1.52507 31.8203 3.74459 -64.6578 96.5421 -17.4849 -68.0794 -10.9697 32.8756 -60.3268 87.6178 -7.94835 12.1469 -47.6231 -1.72525 3.66112 -67.486 -36.4483 13.2647 -60.5959 -35.1189 -43.7268 83.8934 -3.91962 -77.0568 -94.3546 -17.3003 33.9631 17.3556 96.0491 96.9321 -62.2495 -26.5656 -87.2685 78.0524 27.2401 
