43 43
-20.4762 56.2527 38.3803 57.8859 88.1026 -59.3236 -52.3605 -22.9235 -75.4298 51.7341 94.7147 70.0656 -7.83112 -17.6711 1.62801 -38.095 -63.2689 38.8981 -39.1351 55.5899 99.3156 -3.38067 -18.9971 -83.7268 3.68583 -52.3018 -35.71 22.2439 53.7126 -52.8345 9.73241 -27.4432 -38.0086 -10.3051 2.95935 -62.1907 -39.1485 30.3877 -74.2307 4.59423 15.1869 45.5701 96.8911 
48.2756 -32.1649 4.02526 52.5705 -48.4139 -92.4906 -89.0845 -43.5746 41.8389 -14.1638 -51.4876 47.0829 -78.2797 -46.2469 -70.8236 67.7432 -39.5328 -27.1574 -34.7654 97.6458 -67.3133 65.2141 53.2926 88.3924 11.0823 60.2731 9.43678 3.94714 -60.5002 -27.1272 73.4571 -6.69801 26.6151 -79.4392 65.9419 84.8668 -43.2657 34.1653 16.0019 -56.5306 90.6062 17.7091 36.3307 
9.35774 75.5023 -32.0445 27.7256 -16.4755 95.5305 -18.0885 -13.7776 40.4465 -15.3413 -41.5455 -55.067 88.7736 18.0064 34.3941 61.1613 -62.606 -18.6358 -11.5459 -51.2374 53.0661 81.2144 -29.9564 -77.8564 67.7819 10.9184 -95.2773 74.6833 1.83997 -75.6585 6.98166 -59.2449 70.7843 71.2307 -26.2067 -56.2026 2.51298 35.6083 67.8932 80.638 82.3101 -13.8443 -81.6435 
17.3592 -43.4046 99.5687 51.6441 -17.415 -93.3664 -9.8903 -26.2 56.7945 -54.9018 65.2501 58.4979 -25.9883 15.0423 16.3246 -32.8614 98.8667 52.627 -97.4365 -14.776 60.2522 58.7653 69.1965 -14.8086 -88.3982 91.5107 20.4157 -73.2768 36.5109 39.4634 61.0941 9.24951 56.4319 50.3178 91.6563 67.2017 58.9664 48.5679 81.3471 0.488363 7.92433 -15.8404 -29.3347 
-27.52 72.1541 94.0596 58.8665 -31.0226 3.86216 -88.6498 62.5227 18.7472 84.1487 87.346 23.407 2.01074 -5.57553 92.0344 22.2683 63.7032 59.4276 -0.980149 -73.3623 -0.0629596 -58.1619 72.8154 9.09422 46.5083 65.4959 -11.0997 46.7781 -0.384766 -66.7622 -72.5878 16.6636 65.2395 79.6685 -11.8322 -64.3277 44.2702 48.8707 -30.9572 -98.0356 -84.671 -65.9308 -98.5429 
-10.3045 12.8613 -40.5811 -47.2949 -85.4654 -17.1219 31.7568 -63.9647 -54.7901 -57.2963 21.7275 -25.3365 -30.3808 -10.0736 92.2203 -52.8299 87.6001 94.6261 -18.4159 83.3175 -82.6887 50.3377 26.556 -72.9983 -82.5705 38.0931 30.7566 -73.1776 -96.4943 20.0321 79.0268 3.12883 -13.7476 -56.08 63.185 -48.9266 91.3797 18.2632 -49.9534 33.373 99.9433 -53.0999 -50.7627 
30.4999 11.7443 -13.8324 -81.0865 -21.5894 -52.5391 -23.8806 38.3166 -13.098 62.5597 41.5712 87.6367 -89.9927 92.6355 -74.6826 10.2643 -87.9983 12.2096 7.53894 -92.9749 -28.9531 -14.5899 -11.6263 -2.69171 -39.5754 56.4199 48.7231 88.6942 83.0705 -34.5917 16.9598 43.042 6.44606 -60.9987 -4.38049 -22.8255 -27.4328 -62.5242 -43.7118 -63.3853 82.7973 -25.5978 -22.9446 
-30.437 45.0488 -64.9422 -83.3785 57.173 -93.9466 39.0187 -13.1981 -19.9563 -4.7389 -46.7709 -78.8137 -21.1702 -8.14304 -60.1473 -96.3766 -0.83567 -45.1076 77.0055 31.6132 -77.0832 62.2237 -6.37824 0.981339 93.3712 89.5721 38.7286 -87.8882 63.625 -55.4526 8.76996 -3.36512 42.4131 36.2425 -71.8265 12.4846 29.3403 -78.1817 0.347673 43.3465 -75.157 36.9127 -8.41793 
-80.1783 42.6779 87.7874 43.6159 52.4853 -79.4233 -66.7485 -41.9791 56.5139 29.4211 80.9957 94.4785 99.473 42.1137 5.07201 45.2186 -11.041 34.1435 49.122 -6.04048 77.6755 92.0148 93.4356 -28.0034 -53.7898 -44.923 -21.6094 10.7643 -84.7568 92.8715 91.3066 -10.2075 42.208 -9.38854 6.79585 17.8193 89.1798 44.089 4.14222 18.2476 87.6864 -55.2838 44.9695 
1.98764 6.24438 -50.7197 -46.1072 75.8099 -62.7808 42.3372 -39.2819 -11.1549 -80.595 39.8697 89.5528 -86.1299 15.294 46.7902 3.14153 -0.273997 -5.06306 -94.9257 -16.1982 -42.8992 -7.17865 -51.5926 83.1632 -75.4318 17.2683 28.6033 -64.6523 -11.2821 -18.0312 -50.8367 -13.1759 -47.7091 -46.6139 -39.7103 -10.859 93.4962 -8.57188 -67.6574 81.9248 -90.0256 -59.9594 63.0176 
-63.5989 93.867 22.4311 0.0617134 37.217 -94.2441 39.9425 -85.9914 -57.1766 32.5253 52.42 22.6295 -66.2791 47.4597 55.0766 72.6656 90.8723 89.95 -9.7 -27.9276 21.1477 29.0713 1.07107 1.47498 -10.0341 -42.5899 -8.98715 -47.0085 -71.2512 80.5003 -30.9752 -0.804976 70.7644 -62.3041 54.1835 62.9025 1.57082 0.804905 -71.9587 -10.3623 40.4443 -52.9126 98.1487 
-13.9767 92.9503 15.6065 98.9242 18.7767 -20.5658 -48.9616 -98.2621 -91.3106 -57.1697 -51.0262 3.16976 74.2184 -10.9662 91.1851 -51.19 49.5103 -81.0055 -58.8275 85.8987 99.4834 17.3477 -37.5439 -0.496392 57.1428 -0.857435 -10.9042 -67.6745 -5.54088 74.4008 54.3143 60.212 -17.3359 35.3695 54.8597 27.4653 8.51204 61.8109 55.2355 -57.104 53.2745 -14.9232 -14.8199 
-77.3518 -51.616 90.0009 44.8581 -69.4553 64.036 53.516 42.6172 67.4465 -27.2075 -75.701 93.8476 96.4222 -32.8109 -53.6001 -57.2194 -85.8853 -74.6897 89.926 -13.0288 24.7756 3.11049 77.9827 54.5979 27.3912 -35.5128 -64.2279 -77.5434 -71.5236 -97.4138 -34.4676 -97.701 -60.6922 -53.2129 50.1124 39.1349 -60.0447 29.3754 -87.1687 -44.658 32.6153 -35.2547 74.5062 
25.9131 -77.7581 -80.9089 -36.548 -61.5314 41.9682 -40.4367 -20.0576 91.6906 43.9613 57.341 -70.5761 27.6291 -37.6109 73.7853 -91.0752 98.6561 -86.4697 -95.6953 49.5589 -63.2438 61.58 -25.1958 -65.5322 0.450403 -30.0829 -2.63737 73.6789 -78.0044 -19.5932 97.3982 -27.6562 -18.5146 24.9991 -40.4655 96.4653 92.2129 22.9406 -38.0187 20.2259 -63.69 -37.5954 -65.6452 
-98.2643 71.1322 -80.7074 -49.8463 32.9167 30.7995 47.6905 -66.5191 12.8067 41.9179 -85.2745 -8.59698 -89.3876 62.9805 -87.2963 10.7618 74.2158 -54.5215 57.0866 54.0709 -30.2039 -37.2351 -10.4913 73.2005 81.5611 -3.01008 9.5516 -66.258 1.14897 -89.2016 -11.6138 7.63414 -93.0568 -6.15146 12.3684 75.4324 -7.75615 42.4244 27.3609 54.6524 -56.6684 -26.1682 -8.79753 
-60.114 63.4655 65.456 -80.7161 5.16236 -36.1465 86.6005 95.3464 87.6406 -25.0792 93.3579 66.9808 -53.8115 -9.97778 -96.5071 4.99475 -53.2402 -8.7038 -84.7723 31.3048 -59.4185 -46.8017 4.419 70.2165 -71.9623 -69.7081 15.7044 -56.9497 45.9284 -81.3846 -30.7678 85.6907 3.54912 49.9905 -9.85711 -68.5148 71.2718 64.6629 -10.5694 -39.9124 -7.45626 82.6688 15.2274 
-73.0114 97.4913 -63.1369 58.8712 49.085 -27.9535 -14.814 21.813 11.0825 62.7963 17.2197 11.103 8.30232 -62.9698 65.8988 -39.5137 92.5999 -74.2779 10.9315 -74.0634 16.5727 -62.6071 -37.9497 -20.4994 65.9485 -3.7295 -81.7741 22.5635 25.4397 -34.5664 43.248 69.5941 68.2564 -13.883 68.0603 89.9273 8.13213 76.6472 8.78064 -23.7906 -49.3456 49.2392 -36.2795 
50.1936 4.07872 -48.8716 15.5033 -36.4808 66.4018 15.3803 96.3559 53.4951 92.8395 -45.6888 -91.3881 40.8731 -46.0803 -71.3251 39.7923 -11.2993 91.9517 32.2707 -26.2373 29.5423 -82.4703 -78.9025 85.0248 11.0021 -87.9051 -21.4866 75.5405 9.12452 -44.211 -54.939 40.6683 -88.3773 42.395 -67.0058 33.4963 -26.9345 -87.3214 -10.3297 -11.245 5.60205 -46.3415 -60.9243 
45.943 -35.1748 16.5094 73.5216 78.0493 -25.4878 27.1856 -91.9333 76.3997 50.2941 93.244 -48.0566 -87.8074 21.4922 19.2525 -23.4345 -64.1265 25.3368 36.1113 -77.9579 -38.0034 76.4565 4.57115 27.2901 64.4839 -18.5718 63.5171 -68.1993 -26.3349 -10.3341 -84.6031 75.6062 -86.1475 -80.3408 -87.9267 16.5799 57.9127 -61.2425 96.9781 -88.94 -14.4871 -85.472 72.0176 
-1.01228 -13.3536 -33.9088 94.7858 64.8532 -12.3252 50.9048 -43.6623 -32.6507 40.2424 -45.3103 70.4985 67.6384 -0.7429 -85.9273 19.3123 -18.2517 44.3087 97.1351 -50.7351 95.2861 72.6763 70.5579 66.028 -67.1077 -79.5488 24.1514 -86.9698 98.4147 56.5096 -43.8525 -28.392 15.2099 33.4778 62.1302 21.5859 -5.29625 -14.0662 -10.5265 80.3531 94.1092 93.8336 62.0584 
15.508 42.7846 81.1201 -13.9165 -95.108 -79.9243 -88.5213 22.1842 50.4644 -45.1286 -76.4302 37.7158 88.8086 5.72608 38.2871 91.7104 -22.6792 30.5042 84.7596 -45.1917 63.2063 -91.0486 -53.8743 -66.0477 -63.6409 -12.6084 90.4484 -34.5254 -68.0816 -46.8911 -99.2645 62.3654 -24.7577 96.9854 33.2735 26.9974 -55.0027 -30.9824 79.0603 -34.2836 -3.99984 -25.3415 85.8082 
-21.9393 65.946 -45.3627 -10.1919 -95.5084 -9.80206 56.8375 67.9604 11.0537 -20.4914 0.95649 75.7311 12.2759 -79.2007 73.392 98.9815 -18.3044 -42.494 2.97569 12.4491 32.2979 30.112 92.7387 59.3826 43.3698 -83.5755 -54.0105 46.0306 37.0623 -94.4723 4.13251 55.1257 98.1832 -34.7722 -16.2702 -52.4348 -72.4926 17.1624 48.145 -27.4584 -92.9338 61.9369 -26.9584 
-89.4778 -53.2659 -39.6049 -39.6968 15.7176 -34.9219 67.7478 37.1218 -93.4452 66.0023 -99.5021 68.1168 39.0687 27.0816 -39.0247 -88.2004 16.3731 -17.8155 -24.3383 -53.5143 -14.0478 98.0954 88.8756 -67.8575 -80.3241 -7.80838 -35.522 -18.6374 -39.1808 88.8327 10.6734 -12.4014 -31.0717 -22.7433 -46.7579 -60.3969 -90.8863 74.0677 56.0044 65.1317 68.3445 66.6328 97.7509 
99.848 -54.6819 -38.4981 -38.1498 15.6676 -75.0826 86.1906 5.78419 14.8928 -96.9339 31.8456 28.5662 -88.2871 -42.0849 78.596 -36.2189 68.8316 52.2794 59.5966 39.9637 70.1976 11.7147 88.5858 62.034 5.47824 72.8336 -86.1939 -61.2481 3.1102 73.1366 6.39951 -43.4243 -31.6745 46.2987 -57.0716 -1.54998 -50.4465 -54.8021 -59.5422 74.8215 -75.8305 -83.6299 32.084 
36.5109 39.0157 -62.8673 -11.3749 21.6443 -23.9682 -32.8092 -23.7503 27.9046 -7.18648 16.9134 64.1695 97.3078 52.9418 -6.85938 -85.5255 -26.697 -95.6852 18.5302 37.6022 -19.5138 31.1524 -20.8765 -70.7168 63.1812 86.5998 83.081 -58.381 -9.74018 96.8712 -85.8337 -6.64832 61.6997 -13.2914 11.6675 96.0532 -33.1596 85.8894 -57.5856 -40.8301 -31.8761 58.276 44.9017 
63.4403 41.284 60.5497 59.0311 -64.2664 74.4207 -10.8423 -27.0601 0.768883 -77.3863 -31.6548 -22.7069 -34.6278 9.85736 72.6628 43.7559 6.15786 95.1393 6.54821 55.825 50.9778 -16.9275 -99.8935 89.7435 -80.7621 31.8059 -37.4516 -48.8279 -50.5195 -80.7105 98.0911 17.2424 -6.92478 15.2829 59.2641 52.5074 91.722 -29.1441 -24.1479 -53.47 -69.5394 51.1134 63.0864 
93.6222 -92.0101 -14.5395 34.1382 -40.0782 5.17294 -58.4237 73.0013 -67.8761 6.56631 -40.0986 62.3529 -34.4653 -58.0479 -11.3348 96.7125 46.8708 -42.38 -81.4312 -14.3721 48.8058 78.5118 -52.3582 16.3711 -50.5031 -5.06424 85.2971 -12.1888 -57.5484 -16.062 45.5985 -26.7006 42.823 -73.8712 46.5857 -33.6003 78.9681 16.7966 99.7336 23.1008 54.7392 0.997548 -34.2039 
-64.1755 2.14679 81.0939 -54.7149 7.28066 -34.0021 -72.9815 -0.714739 -12.6198 98.588 -30.7866 -30.313 -71.4152 -74.9827 -34.5038 95.2936 -0.00276058 -46.3971 4.53055 -55.0316 84.4229 95.9864 44.2557 5.4017 -13.701 -72.8827 60.105 -15.366 -56.0785 88.1386 -53.8428 63.389 -21.6561 25.1064 -37.1573 96.9976 39.1633 17.8976 5.32931 -30.2318 93.3283 -31.177 8.12784 
4.53812 72.2158 -68.9872 -68.201 -54.9794 -38.6387 -0.0823393 16.1234 -14.2364 -70.9628 -71.222 -28.2839 33.0673 -37.2417 79.3745 47.1382 52.3461 -19.3965 2.43329 96.2801 -20.0993 -9.27033 -6.49597 22.2639 -10.9917 62.7775 -98.1752 -30.2214 69.4232 -4.63622 78.9983 -75.7636 41.611 -43.503 45.0727 -63.0769 66.3519 -22.9851 89.5673 -41.9816 15.5178 8.17928 69.197 
-6.64258 -41.87 90.1039 -24.0366 16.0587 98.526 -74.1841 -11.4603 -12.8806 -85.0005 -3.61452 50.6989 96.4438 -68.4935 30.4379 -29.4712 77.7557 40.2118 40.0496 -86.144 -22.6542 50.8022 32.2887 76.3051 59.511 1.3487 67.5172 -38.4321 72.4761 -93.585 -83.8995 -99.1584 45.4643 -81.1019 -80.1272 -98.1401 -41.2151 98.1286 47.4279 -78.9933 -39.6897 -65.1933 96.6776 
60.5724 40.9892 -94.0539 36.5651 -49.8039 -54.8054 84.8984 88.0634 81.9872 -40.9164 -82.5343 45.2472 69.2852 76.5076 63.44 36.776 94.7837 30.3655 -46.7424 0.491978 68.6663 75.241 -25.308 47.8839 -14.7629 80.0965 -18.4582 -26.182 -40.8729 49.8542 98.8465 -86.9059 -27.607 8.41018 -50.1511 -88.8488 -80.9758 39.1972 -12.183 39.677 51.5725 -20.605 92.1582 
-96.3401 12.3087 72.444 -32.9956 42.3585 -80.2957 69.3419 28.8077 -28.9592 83.4122 -91.004 95.3863 -43.2847 -85.8784 41.2313 -24.9711 -89.2386 -32.9304 -61.6759 13.8669 60.6355 -99.9684 31.1319 33.0697 1.82757 -83.9871 28.9066 33.8046 -45.3474 46.6914 -56.9957 72.5673 38.3876 -19.5594 64.6347 -84.4623 41.7853 85.8006 50.2608 -67.2117 -26.9109 -91.6561 -64.835 
-81.9393 46.4815 14.4528 -91.6758 5.33362 42.1323 -81.975 46.7531 -21.0224 76.9687 12.6444 -85.0568 50.7441 55.4483 -81.1842 -63.1735 43.7828 57.5468 -10.3144 45.7479 85.6437 14.5024 -58.2723 17.1645 83.8348 11.1631 18.4565 -1.73153 98.1977 8.2037 79.593 -80.723 87.7731 2.26163 11.2519 -89.7123 5.29317 -37.7068 61.7504 39.3195 43.5381 -55.6626 79.1322 
-25.0532 -68.6596 37.296 33.4713 -47.835 36.7398 86.5637 76.3902 90.1275 -27.5903 89.0246 37.2428 -60.0214 19.5043 8.49464 -30.5572 24.3914 -54.0042 -47.9737 -94.0578 -29.3517 86.3292 -65.0711 -49.9727 -90.717 -79.8637 -69.492 47.2743 -60.8013 -88.1616 68.6102 -69.0121 -85.7551 -85.36 -44.9095 6.34925 -88.0805 31.4628 -4.73597 2.63069 14.0127 -89.2555 83.2197 
73.2087 17.7994 -45.8092 84.7582 -68.2216 0.11095 64.7303 -77.7525 13.0795 27.0574 -46.0961 63.1325 67.8708 -95.3972 59.8956 66.1191 63.7379 43.3498 -19.2219 -62.5155 -97.1802 92.3145 -69.8763 -10.9079 71.488 98.6168 51.9893 -16.6212 47.3687 -74.6749 -61.2502 -32.1304 -15.2159 66.7547 -53.2383 24.0089 -83.1255 -89.5694 6.40291 13.6973 10.026 -92.6967 46.7813 
53.409 45.0708 -94.9662 -97.5196 -12.4309 73.7398 -55.3671 44.4172 -79.8139 -32.9784 -67.7778 58.4562 72.5389 -37.9863 -35.3406 31.0044 91.0378 72.132 -78.161 -52.03 -69.0251 95.3179 8.09231 7.41276 -13.791 13.9874 86.1436 16.2147 -80.0943 55.6522 -53.6336 -20.3939 39.0328 24.1726 68.543 2.44114 28.2703 -61.6098 -76.6326 36.2489 35.1694 91.8939 60.8211 
19.5019 -32.1962 78.1746 81.2002 -67.7701 -11.3945 93.3406 -23.7203 -67.1067 -62.9443 94.7228 5.28176 -29.4654 -24.5195 99.9572 -18.5343 94.5932 28.7325 -93.4218 59.5935 -11.5213 -37.9879 -62.3369 -95.442 -93.9606 4.3669 -5.46974 70.1526 55.2757 19.3635 43.07 77.7375 -65.8571 -60.8464 -45.7212 -36.8234 -90.6582 -92.1947 83.6809 25.4825 85.0871 58.5585 -7.57728 
48.6471 12.2384 90.7452 -44.7047 48.1235 11.4752 63.8253 -87.3605 -67.3346 -92.8689 -47.7434 -24.1561 8.13636 -52.2471 82.201 -47.1964 -29.437 52.698 95.512 69.3498 -38.4226 30.694 74.3401 33.294 -28.0914 67.9358 -2.19112 -26.1658 30.9761 14.9253 49.7129 -74.5735 42.3845 -44.2527 44.5932 77.0917 79.6809 -3.06227 -67.5214 -32.6392 32.8697 41.6542 82.0515 
39.8754 -13.8354 68.9421 -90.3667 7.47873 95.027 -80.4943 -67.5027 82.6852 90.354 -19.9146 95.8667 31.8708 51.7818 96.5294 -30.924 59.6699 71.8045 18.2078 18.128 76.4801 0.687176 -50.6386 -83.3438 40.5552 11.7042 -86.9017 42.8256 -30.4192 -55.6145 87.1485 -95.4995 -59.5013 -38.8639 14.81 -88.3528 54.6428 -19.2456 -60.6413 1.84451 0.695522 89.6428 26.2784 
61.4713 -51.6011 -60.3849 -88.9268 6.69074 51.3436 -68.214 -73.094 -91.564 84.0723 3.86679 -10.9293 -88.3184 32.9598 -44.8512 -14.3262 19.5028 -16.7235 -71.6182 -87.0778 83.5408 69.4339 -24.348 -16.514 48.4385 -93.95 -17.422 -11.111 56.7022 -6.03028 49.0198 75.1182 -88.1245 91.0648 -74.1077 72.3351 -64.4177 -68.2164 87.3155 -88.6191 -21.0105 76.3094 -67.2764 
84.7417 53.0642 50.092 96.8752 -17.9806 -0.332676 8.72206 -8.37764 -2.93756 28.4069 34.254 -92.7883 -93.6063 -40.3609 54.4353 94.3386 -51.7405 -3.27584 -57.0325 55.2859 -10.0388 77.4684 11.4296 97.9885 92.8412 -17.1695 32.3119 66.6672 75.0004 -67.5119 -72.9327 19.2821 74.98 -11.6264 -5.3245 -88.8873 70.7895 -41.1813 65.7955 25.2002 -60.4006 46.869 -72.269 
-24.2441 -71.0975 63.952 40.4321 -57.4907 -47.0182 -34.8568 -38.0381 93.1275 -6.62276 91.3267 -72.7188 14.7084 3.31515 -82.2153 6.631 47.2126 -97.9706 8.46301 37.8601 -85.2549 -78.6983 -82.2342 89.6427 24.7945 -78.0933 85.6298 -20.4499 98.405 92.029 -68.3156 19.0357 -67.6926 90.6629 -27.9215 -77.4774 38.0411 -43.1905 96.6338 -76.0079 -64.2494 -40.0733 87.6691 
55.0936 -42.4185 71.4345 -0.53758 -35.1074 -49.7565 -57.2577 69.5067 -0.457226 -84.5891 -89.0345 -2.85974 -63.7286 -85.9694 -87.3963 -70.0605 92.6831 -75.9374 -79.8458 31.0953 19.1035 72.8082 87.4552 59.8975 96.4572 -43.1801 71.8208 92.1495 -43.5963 76.2097 56.0648 81.3122 13.6797 -84.9702 -93.9301 -82.3861 -62.5535 62.6979 -35.9928 68.5792 11.3421 26.0332 -60.8167 
