25 25
-98.2657 47.7533 -10.3882 5.93522 -46.7574 -51.4921 -27.1909 1.8033 -91.8755 47.6944 0.106741 -6.00285 -89.9742 3.29856 38.8951 -89.8344 -46.2017 88.0384 61.0647 -85.161 98.6642 48.662 62.0624 82.173 81.664 
-72.7454 -32.0928 16.2203 14.4248 37.5196 -8.15748 97.2493 68.959 -5.73414 26.373 51.6268 90.9636 24.4944 77.9573 27.7744 3.65439 19.2727 -83.0125 8.73677 38.9153 49.1695 -7.98561 -14.0675 -33.2809 47.3878 
47.1955 14.4401 94.5923 13.5697 65.2674 -50.1577 -0.286859 -21.2336 -73.8644 -39.6815 73.5369 -64.4898 -79.4863 73.2277 -62.0035 -92.898 63.0631 -98.8342 92.9883 54.3369 39.8128 -66.3052 9.19084 70.4784 -69.772 
-57.8653 57.4222 94.8248 -79.391 75.8678 -90.3592 -66.4087 68.6376 -7.4535 -71.0069 -12.6046 -45.1093 47.6222 -13.8586 78.2951 -93.8316 -27.6944 -59.3878 69.0641 -40.1209 88.3026 -98.8967 43.4252 47.7201 32.4745 
-0.896885 -73.9496 -70.1633 -35.0741 -89.5857 -66.3789 -30.6782 -8.99483 23.8752 70.9351 6.13688 -57.3917 18.4191 -30.3079 14.4354 15.6305 -97.4825 12.0507 -63.0687 4.50144 55.7437 83.5936 -41.5829 -83.7608 31.9445 
91.3535 -22.4334 -37.5735 -97.8355 77.9348 49.9752 -67.3775 -14.2034 82.6292 -51.0079 -90.3027 83.2288 27.0829 -17.7479 -89.5695 5.00199 68.4332 -43.3267 8.9297 81.4458 59.7146 24.0845 -11.7506 -91.5763 77.5407 
26.8679 -30.8977 -98.3797 -68.2217 -2.61106 -84.1124 -77.2836 94.5636 -69.3878 -0.101088 -98.985 -41.2777 45.3129 -26.2936 84.0966 10.7237 33.6025 -43.4019 -56.4721 73.0926 66.5587 52.6945 37.1288 23.7578 96.9948 
-7.56011 -62.6976 41.5558 28.4806 72.921 -17.5194 -48.231 -17.8216 72.673 14.424 24.3963 29.2794 98.245 4.41781 50.1622 75.6094 -32.7857 -29.3937 -19.7189 -15.0906 -28.5092 46.2817 56.5804 -53.5274 -35.7329 
37.6311 65.8823 83.6958 74.5693 85.6552 6.90586 66.7114 18.4053 -61.322 -39.0723 -88.9068 -56.8865 -91.6028 31.0448 -30.2532 -65.65 19.864 54.3305 -67.9829 11.1236 -45.1539 98.7514 -86.0398 -70.3223 93.1052 
19.5335 99.4929 -23.2652 -17.8733 4.13224 50.5395 17.0394 -19.491 14.7525 -54.036 17.4242 49.0173 33.4209 -95.1522 -22.9708 -70.2805 -4.95241 -35.1706 87.4774 31.877 -44.0101 -77.8215 53.941 -13.8236 67.5706 
59.7737 17.1928 -39.8148 32.3309 -14.7292 46.818 69.5493 -84.7123 40.75 84.4962 -72.3449 98.4345 -11.5021 83.8903 -55.1088 -13.114 -6.52492 -64.3532 16.5701 92.9015 -3.96773 -85.6351 -68.3215 -78.9207 -20.9565 
-16.6707 15.2973 -98.7743 -98.9268 -63.016 90.0645 -85.6826 -67.4736 -28.7756 -31.5269 -73.3714 46.1317 -65.0821 -34.0974 -75.0284 -1.79474 35.7743 58.6935 61.5893 -69.2115 -38.4918 67.8849 -57.7635 -31.9354 61.638 
-50.5765 -38.4672 82.3444 -37.4244 7.99101 -95.0558 -2.53827 -60.6286 14.6764 65.6138 -28.1044 49.696 40.2789 -31.6963 80.3174 93.9566 -70.9897 76.8944 -36.0183 39.6112 -53.7487 44.9604 50.2625 -37.9317 82.2621 
-21.0247 37.0385 -93.1507 16.5894 17.771 77.003 -10.9529 -84.8054 75.9973 87.2843 -13.4695 18.1486 23.3135 29.3065 -45.1802 55.9025 -46.5516 7.00555 -57.6896 11.6183 69.1018 -5.23798 -34.7855 -39.5549 0.776985 
58.7863 20.6286 -94.5849 -89.2525 -66.4255 -12.6624 -17.5576 -90.8604 -90.8362 -84.8167 85.1717 80.3186 -84.6774 27.172 79.424 78.8418 94.1694 -95.1701 76.7627 -49.0604 41.2563 -6.13199 -60.3532 43.7343 42.2442 
-1.54888 -31.9653 -41.4692 26.8657 -68.757 0.7239 -33.4073 -76.7592 -92.3467 -70.4515 -79.0629 -9.56914 -28.5347 17.6002 5.77263 20.5546 61.9412 44.9691 -4.58964 61.8872 -61.4325 -95.6781 -61.7764 -76.081 -93.9583 
42.81 -91.8544 3.49525 -55.2763 -27.9663 -29.4067 -39.1077 -82.3679 43.0991 -34.2164 -74.6188 82.5614 9.5854 -98.1122 29.0339 -27.5633 -55.6669 5.91339 -13.6764 -58.6909 -18.1482 -17.1416 -98.6068 -84.4627 35.5915 
-13.205 64.2088 -42.9261 -58.9026 24.0438 -95.9443 64.5238 51.3059 98.495 4.7801 -60.7832 16.1574 -42.3432 -62.7849 -25.7554 -70.6539 -79.7001 79.7972 -48.2027 57.0481 6.89122 20.7114 96.3409 1.06969 -21.749 
64.7334 -25.823 -7.38862 19.4912 -10.7407 80.3062 -94.1361 55.0403 63.065 -66.3689 -61.9589 56.3344 12.29 -41.2509 95.6876 20.9554 -3.15348 -0.514637 -49.5069 -61.8573 -36.3964 86.3165 -78.3303 -96.8542 -29.0204 
54.4215 62.6092 72.1979 29.8604 62.9414 56.7068 71.205 -57.1642 41.8008 -53.4326 -42.1761 -53.4815 -63.1654 -20.0728 36.2943 -2.37163 -60.0172 91.3989 -59.0759 -88.9465 76.2333 52.3922 -45.0963 67.1957 -42.2896 
38.9725 10.8096 76.8116 -28.0399 -66.0013 -83.1703 -43.4539 71.1147 24.3104 -14.3117 63.8389 -59.5928 24.2986 -13.4192 63.5859 87.6474 89.7524 68.4007 10.5102 44.3841 -35.9636 -39.7416 62.4217 -78.5685 99.8812 
-96.7259 -72.8134 25.359 9.14263 60.2535 80.7105 -98.8456 -97.4852 -33.4283 -29.1556 -18.0258 39.827 -26.823 -13.4147 -60.0256 -50.9252 99.9391 77.1483 31.8542 -26.3736 -61.6915 -48.5591 67.0612 97.9731 33.5583 
14.832 81.3508 62.9866 16.0853 -53.9795 -32.8412 38.5311 -7.36755 -26.4532 0.949507 -41.6441 87.452 5.54019 -86.0965 -24.3849 -36.8055 10.5788 -2.72907 -67.4678 69.0603 96.0551 -2.35975 -60.2992 -48.4006 -69.101 
20.31 -49.7421 -15.7156 67.6471 -55.6404 50.9724 93.1069 46.9242 55.4438 44.2414 -34.1416 -17.0903 -36.1002 63.7872 71.2451 16.3137 -15.8388 -2.00497 -97.5638 45.9392 -99.6798 82.0595 -25.5439 83.662 -93.0585 
-34.4281 -33.6602 73.4033 89.3172 -45.6043 -72.1793 82.454 5.10953 75.9175 -54.2306 -53.12 12.1133 -12.3395 10.2486 48.2749 -42.945 23.8759 81.7997 6.89438 73.9166 -83.4678 -42.829 -26.4221 -77.0332 -97.4825 
