66 66
-86.3931 -8.10413 -6.15088 22.1216 -2.17602 27.5964 12.2188 -38.1078 -78.4096 -29.6677 -24.958 -69.6166 -45.8271 -16.2455 -37.8611 68.2983 88.9265 -12.2569 -1.01852 81.7089 81.1202 -12.4953 -7.84566 -61.9978 2.34264 -27.2854 13.4526 98.1737 5.40239 -2.05694 29.0385 49.7034 -35.6997 -4.98271 55.6161 -60.8628 78.3147 35.5365 61.197 -62.7664 84.676 -50.5947 54.2837 -54.4501 57.7158 29.3819 22.1844 53.933 52.4191 7.8486 -88.5458 11.2482 48.4375 88.461 -35.447 41.4879 86.3957 52.8804 -39.8556 -52.9523 31.3108 40.3223 97.078 -10.2339 -0.772282 20.2648 
-10.0457 -38.2977 -69.225 -64.8163 31.8199 -3.59185 31.8196 -7.88696 43.8815 -84.0878 -63.3109 -66.7477 -28.1124 -84.833 10.931 -82.7006 51.4697 51.3593 -4.23528 17.5774 22.5905 77.832 -76.8756 -48.9499 98.3598 -67.4591 15.3398 16.2381 -85.5247 -14.1435 90.927 9.46703 -87.5862 -60.865 41.6873 38.6879 28.2891 54.6162 -65.9951 20.4132 85.4798 58.675 -49.4635 66.6289 32.4618 -14.6882 -65.4007 10.3713 -88.9978 14.3434 69.32 60.9496 -20.6926 19.8163 52.0353 -43.4135 -50.5442 -95.7476 -29.7368 13.6432 -98.6108 49.0226 -77.7623 48.2828 88.4676 74.8766 
50.7646 1.25951 -31.4 60.2299 83.3219 -8.96121 -11.0828 -69.0668 -5.29554 -2.08715 -78.788 9.85923 -95.9988 -52.6328 0.988993 21.9976 -86.8797 12.1989 27.03 93.1718 -61.2253 -12.9626 -61.7434 78.843 -86.0127 -15.1829 20.5596 -55.1964 -85.5452 42.3196 66.024 64.9703 -43.3969 27.8022 71.9953 24.6681 -2.68491 74.7413 -23.7238 73.4222 7.71113 1.00046 14.6593 -21.149 -51.5846 17.3276 24.2552 57.0646 84.3548 -49.0082 -81.5345 49.0067 55.4586 93.3908 18.7289 -23.9003 -92.6105 95.6833 -50.6418 62.853 -29.1231 -72.6437 76.9014 81.1753 -87.2415 -68.5331 
-36.2341 13.429 -99.2838 -62.2458 35.0186 -42.7212 -14.7883 53.3981 62.4096 -81.7113 78.7446 60.4101 -87.3676 12.3913 60.7105 -39.2139 -67.6535 -52.2147 26.7692 -90.052 95.6077 79.2574 79.2118 -87.7145 -17.5729 52.3314 -66.5861 86.625 -93.3372 82.404 -36.2502 -57.2288 -44.3036 -9.9822 29.2363 -25.5392 -36.5372 -81.1555 19.6791 -53.455 -18.7371 84.7647 40.1204 -95.9802 60.3265 -92.2463 16.5004 -77.1344 1.9351 -76.819 -96.1239 45.2999 -44.1452 50.8409 83.2172 31.9903 60.8843 83.2009 -42.0265 59.8459 29.6602 99.5546 13.3296 30.6285 -26.5484 1.86261 
-95.1326 -94.221 27.1255 98.8485 -52.9191 -11.6083 -99.9177 83.9118 -93.8436 -28.8133 -64.8524 25.7364 -47.751 48.9424 -24.4833 -90.3044 53.7719 -54.8441 34.9404 43.0639 -24.3262 -50.1523 90.1468 97.9083 -54.3665 62.5929 -1.03475 8.90826 -78.946 -44.9689 7.96594 83.5146 29.5685 -42.655 97.5626 -64.926 -10.9943 19.4288 -59.6761 23.0201 98.0725 -95.8108 -92.1429 -46.4839 -54.2828 69.5644 -31.9393 -4.38371 -77.0497 26.1559 1.56153 44.7142 -87.913 45.9708 30.4832 -69.249 -67.6552 -81.2114 79.2641 -7.77076 -3.13104 -23.3572 35.4264 11.9824 -11.3489 59.1478 
96.2344 11.4279 69.0043 -44.2034 74.0803 67.4134 16.4801 -18.4502 -92.5436 19.4748 -87.0272 -66.6909 -73.2202 -11.9168 -85.9501 36.4354 -31.0005 -25.9005 90.5712 30.1366 -94.652 -15.8114 58.1981 -65.1605 47.8528 61.9175 48.0469 -75.0531 -17.6332 38.4769 81.1093 4.12978 9.16303 3.061 46.2916 23.2351 -87.8667 23.9979 -66.4597 11.4357 0.609426 42.6269 30.9362 -55.4283 17.2376 -88.3566 -9.0952 -62.9922 89.6148 -44.8299 -55.686 86.0293 94.924 -12.7829 -41.5303 0.670563 70.1541 79.7566 69.5649 -23.4822 -64.6498 30.0615 43.4884 -90.1617 52.011 -51.5007 
27.1838 78.1793 -40.1056 -55.3103 0.120213 20.4171 -49.1481 -32.4882 -29.3283 79.4509 -69.3576 -92.3967 88.8696 31.5784 -61.9791 -82.8354 -14.5272 42.0222 66.6504 -6.25892 6.38046 36.3614 -73.9688 5.66219 -35.4892 -66.5152 78.2367 -75.8656 -73.6599 -1.76407 -48.7294 5.57001 15.1042 55.5678 -71.9721 -34.9729 11.1548 78.8247 6.28265 -7.47668 -60.53 72.7569 24.6418 -44.6337 41.075 -51.7839 67.3926 68.0283 -49.0841 42.8174 31.3812 23.8149 57.2481 -31.259 30.067 -63.9679 91.568 -17.2962 -97.1508 -13.3407 -17.026 43.6633 48.4208 8.40067 -9.96552 -90.4826 
58.3449 3.50335 80.829 93.0922 0.509423 -38.1234 59.5511 74.7248 99.8864 -9.87359 54.6368 79.8616 33.1166 -8.60603 -41.6152 -25.9216 -64.1762 -9.49415 31.7878 57.9289 11.0744 -71.991 47.1247 25.1231 44.0003 -86.886 -93 -51.3031 -51.327 -52.8385 -57.061 -23.5423 -76.0703 86.0091 -45.7516 52.5295 63.2788 -72.652 -61.4767 -38.4569 55.0567 -61.5157 -93.7588 -3.9445 -95.1431 -69.3047 -4.73302 52.1857 84.9796 52.5236 -35.875 48.8025 23.5754 31.2917 -79.6275 -99.2391 88.5895 -76.8154 -37.1679 -80.542 -69.2532 62.2847 18.8167 51.5409 47.9783 -28.8869 
97.7986 -98.569 -49.19 63.0853 75.2819 62.3371 99.9484 33.419 73.1776 96.2157 97.2227 21.4237 68.9265 47.234 61.133 62.0266 81.3426 -74.3317 -93.3303 -2.72057 75.4042 -82.3096 22.3328 -52.4715 -87.8268 95.3376 -60.223 31.4894 42.0057 -9.96164 -25.2279 -5.88507 89.5587 13.899 -0.235711 38.4132 10.4776 97.7874 -87.7026 -17.6859 -46.2519 44.4638 -97.2756 88.4598 -56.1854 92.6568 83.413 -78.2392 33.5187 -51.0042 -27.5133 -15.4044 97.4618 40.5305 -4.57721 70.7621 97.9802 -47.4762 68.1344 -64.3886 20.1819 -2.24567 57.0282 73.5521 -10.4536 -94.421 
66.3808 62.6286 -1.13885 59.2921 -77.6365 -37.1669 -63.6261 36.5221 27.6281 -54.7882 -25.3522 -93.6364 53.3466 -4.00234 -67.3174 -3.96475 -35.5244 -58.1715 -89.1638 24.1081 -14.603 -32.8245 -81.5056 -63.9177 -63.9887 -58.2614 1.41915 51.6735 76.1425 -73.2177 30.7854 10.5296 -29.8057 55.8493 58.7003 -24.3164 -85.0284 -72.9838 -38.7619 -70.4231 -1.12528 87.4621 -24.961 80.3964 22.32 -67.4383 -36.2537 83.9529 -3.39657 -86.2206 90.0348 15.5648 -2.40616 -40.2642 79.7859 -37.6635 -9.7273 -86.7485 18.3178 67.0576 37.0871 -77.8183 -92.3326 -33.2155 -53.0136 1.19936 
-42.2758 71.2075 -15.7877 55.7792 80.7848 -50.6586 -19.6507 -69.7391 95.4042 58.2794 -98.1333 74.3851 -9.81785 -8.60007 58.6453 52.0672 93.3643 -26.1141 99.7594 56.4813 80.8349 -7.64909 41.6613 1.93584 -64.2858 -51.51 71.6629 38.176 24.2949 -75.5418 -30.7613 -5.15806 -91.5348 -24.823 0.0727696 23.0385 7.45981 -22.8926 44.0909 35.3413 -19.5137 32.7428 -92.3979 68.2847 60.888 -55.0975 -24.4124 -98.915 -64.4297 -70.0991 43.7628 -79.0262 7.1065 38.8669 36.7204 -40.5425 1.91964 63.4442 -93.3141 69.2301 -49.5334 91.426 -2.88311 -56.5059 -94.0202 1.66186 
-69.0413 22.9994 -49.2461 -79.773 54.8687 -22.0384 1.25536 98.7935 22.0823 -62.7889 -92.9479 24.8198 -53.6333 -15.0454 -68.0428 4.84977 -89.9568 95.5712 64.9782 88.6809 59.5149 67.4126 4.29447 -22.7863 29.9697 -98.7806 -5.61588 13.856 78.3124 -4.28098 49.546 -80.4036 56.2648 42.8082 77.5273 1.36048 65.5823 40.9876 78.6071 -51.2364 69.6846 -11.4463 22.3847 19.8337 -54.2661 -51.1454 -0.739214 -23.9769 19.8281 51.2367 -64.707 69.4795 -57.3998 81.6502 94.2291 -90.8121 -78.8849 -18.0631 12.686 13.4451 -27.9717 79.3331 -48.6401 -93.7879 -92.6293 -19.8649 
-70.1069 -85.8904 39.6679 98.2179 -50.9485 -91.888 37.7849 51.3985 54.7716 -53.4325 -40.2226 -21.6496 -64.0769 59.0001 14.9967 49.8413 82.319 -63.9678 93.307 10.4003 -1.6482 98.7186 -36.1459 96.3945 -98.2655 52.1408 -70.3041 -1.72116 72.5066 17.8212 -78.6711 -24.9848 79.6847 61.2595 -11.0558 -14.7382 94.844 42.4716 20.0203 80.7582 -96.2733 -65.6169 -23.3321 57.6528 -29.5775 91.2993 66.8449 62.479 84.363 88.4134 -35.8201 -28.262 1.39506 46.759 79.2898 23.1069 -42.8199 -74.5859 34.9794 99.1313 99.0707 81.6756 -78.3243 3.33269 12.5132 -90.728 
-65.3221 -67.8426 -29.8036 90.4825 -60.2796 80.3554 -66.4647 -71.4048 99.4295 -88.5874 -88.9802 -90.0828 -21.9579 -46.2103 -56.3503 -79.5887 -47.7502 62.3803 25.899 84.0338 -43.9515 -93.4975 -12.1367 18.67 -13.6073 -98.2235 -42.1508 -29.0246 -16.4556 30.0922 -40.721 2.53563 16.286 -81.4764 25.7517 8.18693 -2.30971 -19.2368 86.3098 7.9698 -51.5328 87.9798 77.035 -73.2625 76.9307 -24.9151 52.1077 -25.6179 39.7514 -98.6455 64.6307 48.2121 -98.8834 66.5769 -41.6341 55.9052 -1.41538 11.7373 69.3246 -61.3409 44.3135 -23.8186 80.9252 -90.9598 39.0087 19.6557 
-46.1901 83.516 54.0916 -82.1496 -88.7208 69.3974 -38.1326 -93.8567 -50.0757 -22.2761 5.43053 70.9093 -26.7333 92.7764 92.5327 -2.18452 84.7479 -41.7979 -97.5696 -52.3475 -3.83839 88.1813 62.6394 -20.4123 -70.1041 -39.5364 -88.3205 -2.57976 42.0528 -18.0943 89.2537 87.2514 34.7167 83.32 -41.1385 -15.545 -64.7884 -99.4479 -21.307 92.4133 -9.37588 19.6042 88.1243 -95.3834 91.5562 -15.3519 -18.7251 87.2548 91.0055 -70.6001 23.4597 87.9338 -96.2635 98.812 -67.0183 23.23 26.2342 -82.1496 -88.234 51.0478 -39.4815 34.1815 88.0465 -3.01472 -68.3943 96.2947 
25.5031 30.6745 -53.638 -94.4862 -29.2076 -91.4126 27.7441 95.0046 -58.3467 -32.9915 -88.9072 -62.8252 97.5235 77.7263 -53.9733 70.5702 73.6334 -43.1243 9.46992 -38.9891 -90.1233 97.375 -19.1829 -6.82693 59.7878 52.8448 -37.0138 -91.4178 -59.257 68.3364 -69.3503 28.6819 57.3749 99.2759 -69.2482 -54.0123 15.4608 50.4618 -88.8608 -83.2828 66.2964 43.6014 8.95687 -61.8542 15.804 17.0559 58.0477 7.79567 21.8997 68.4025 40.7904 -35.9135 1.028 77.6188 -61.1368 74.5234 -84.4987 30.8636 -75.0192 -47.8266 -21.3196 82.197 85.6346 60.6501 -54.4192 -23.3803 
47.8114 -33.7434 74.9798 -14.206 39.8205 63.5985 99.706 -41.2628 96.8477 -80.7053 -14.2113 -49.2263 52.9525 -26.5289 -70.7338 -22.2261 45.4645 -78.4457 -36.2019 -45.6938 24.6397 -80.671 -37.8242 87.9495 -33.0048 88.0069 -68.5535 21.1775 -69.0941 -64.4154 -29.6606 95.075 -74.5598 72.9994 -99.1722 13.2591 45.339 12.2054 -64.0942 -32.0422 66.6539 52.4827 76.4031 -92.3323 -29.5387 -56.5607 -15.4203 31.5562 -34.7444 51.238 -42.6601 11.4287 82.7928 99.0718 99.5369 -82.7842 45.799 -56.1557 -9.33877 43.333 97.3806 75.2532 -19.2601 95.8475 -91.2033 -54.4203 
-42.2919 -0.0998658 -78.4439 -7.19896 7.04152 -53.1573 -15.0121 91.0042 -93.0978 -95.0661 24.8746 68.0672 6.11132 -87.0953 -11.2238 -38.2809 12.4022 43.5673 35.9759 46.2153 -58.8025 -92.9425 -83.8308 55.4299 10.2753 96.297 64.0448 1.66599 0.331645 -26.0465 36.3298 -5.00365 -96.3389 32.1893 4.73348 -44.3562 -94.5764 55.0407 69.467 -68.4582 23.1946 32.1423 15.8902 67.3635 -21.8164 -67.7062 61.3065 -21.7258 55.1925 20.735 93.2568 -33.6971 53.2872 -2.09608 -28.8242 -48.4622 96.6115 -50.8518 -66.6125 43.0201 39.6007 -31.7423 -92.6477 69.5409 -26.152 63.5351 
33.9924 -89.2591 22.3665 -85.7093 84.1772 -34.045 6.38047 36.5211 9.40204 20.0108 -79.0265 1.9364 -54.9959 83.8445 -24.8197 55.8826 19.0057 29.0124 11.1981 7.26086 33.299 55.6445 17.0388 -29.7279 -36.6743 14.2026 -96.9483 -10.5293 34.8052 -29.5102 21.9795 10.0206 16.7397 -55.888 90.8627 -70.7958 -64.3307 -5.64014 6.08811 -77.2179 -1.65692 -47.8975 -12.4538 88.5306 -66.3769 3.82197 35.8829 83.2565 92.4466 -49.3272 -41.5065 0.496289 -58.863 88.8516 -71.1456 56.3755 -96.6979 -1.62996 5.27907 -74.6767 -92.0141 -80.868 51.3836 4.81617 -54.6951 -60.7608 
-6.10287 29.0015 28.0908 -77.1381 -59.9402 -14.572 88.1988 -42.6431 98.0758 -40.4862 -51.5186 -72.4613 -56.5002 1.16562 -9.45118 -45.9917 17.6339 -27.5513 -54.3571 20.9 66.4211 -59.9976 20.7325 51.0491 -16.9885 73.7846 97.7425 -42.5356 -95.354 -15.0038 31.7301 87.8708 44.2323 12.8968 -44.2369 -88.7593 22.1488 55.2502 -9.60758 -74.6359 -5.57733 61.762 34.1038 -17.6831 0.717281 55.3455 -7.49501 31.3615 93.1132 -45.6823 16.9727 60.4726 -37.0313 14.9415 -78.1454 10.0109 52.89 -78.4054 40.0793 13.5023 -66.1062 -47.5814 98.8209 82.6156 -79.491 -4.48971 
-58.5473 -4.86848 -24.4769 15.9448 -15.5238 91.8889 -22.5986 -15.4744 -78.2044 18.1485 21.7701 90.0547 -50.5498 10.0965 91.7492 28.254 65.1121 -60.5038 -88.1494 73.3229 -61.3952 -68.4635 -65.5893 41.1661 77.9942 48.5369 -39.911 15.4922 -22.2288 1.15314 -19.0946 77.5849 -31.0107 3.09491 16.2078 4.96767 91.6955 -73.3954 43.7686 19.3842 -10.4378 -28.6907 -4.79079 81.2542 38.5204 11.8574 87.4087 78.0964 -34.1213 -76.7512 42.4625 67.9492 22.6119 38.9532 87.1297 -10.4153 -50.7131 65.3027 -57.4683 -69.8983 18.6951 8.89609 -83.3457 8.92574 14.8872 9.74916 
54.1824 44.0675 42.7299 -38.9635 -59.3662 32.0041 93.2665 -70.486 -57.6789 -8.70703 61.0269 79.5068 71.4832 17.5747 -21.807 90.2675 -74.7474 -79.4183 16.3754 20.8687 -59.359 -47.5277 1.82424 59.9965 -39.6582 64.2716 12.1984 18.4664 -35.476 -44.5688 -67.9369 -15.6546 93.7013 37.7683 -28.9561 -65.5677 3.83688 86.4816 96.9253 23.7423 36.167 58.882 29.8507 -99.6608 1.31278 63.91 -64.035 -36.8771 6.72038 -50.5315 -82.6121 -61.1523 13.3825 -79.5681 99.199 37.7589 14.3161 11.3021 -46.1033 -57.6002 -86.6642 34.6605 -60.4995 -14.3921 -88.254 -85.7177 
-57.8902 39.4096 -43.6701 35.8663 5.40163 -14.7231 -51.7179 -21.9501 84.9268 -35.4797 92.0689 2.13028 3.65694 62.2332 -45.7858 77.4714 61.2194 -84.9109 -97.22 23.2398 -9.0771 41.2187 -36.5601 -65.9562 74.9419 -51.4525 38.4965 11.4494 30.0144 51.9654 -16.9807 5.50865 -16.0529 -0.478772 -46.7136 83.8157 90.0034 86.3974 80.509 -85.1559 -15.0439 -41.9935 15.2238 66.7976 66.6703 -72.5488 72.4367 42.8155 0.736268 -25.5483 9.04851 78.2844 -73.3278 -20.5579 83.6687 20.0184 49.8425 -96.844 -57.7606 16.9168 -79.4884 37.8447 55.6563 15.4403 -94.1833 60.4854 
-21.4931 -34.373 92.4278 34.6441 62.6083 57.5861 48.8099 -52.1951 -43.0895 -5.22722 -53.965 9.50236 -93.859 -88.5658 74.8818 -61.544 29.5605 23.9931 51.498 -72.8898 -58.8621 -94.976 -61.4602 39.2133 57.9347 -91.4106 62.5417 -61.6818 -85.9632 17.225 -99.2162 73.5091 67.2961 46.0304 33.7063 -97.8759 0.570355 -14.0508 47.5918 75.5287 10.9984 50.3746 45.2086 20.8486 2.45414 46.8013 -10.8742 37.4159 48.6925 -24.9207 -42.1218 59.4128 -48.3279 -46.2339 -52.9077 -20.3913 83.9374 -64.6142 29.6396 -46.5619 33.5716 38.6176 46.5574 90.4484 -33.7725 -14.1463 
42.3409 22.8782 -85.4264 39.116 22.6775 -59.9408 -24.6884 62.4539 61.9175 46.9152 -95.4173 -78.1628 -82.3322 42.9668 -57.3686 6.51153 39.2229 20.0313 66.6423 57.7329 -83.6095 -24.0488 12.3086 70.057 47.979 -17.2647 31.414 -24.6655 46.2559 22.4329 29.6736 -76.4078 14.053 -11.4183 92.1281 -3.19923 30.5352 4.96272 8.51061 37.762 65.9201 -81.138 -86.8508 97.9096 -32.6076 -36.0485 -67.118 -51.995 -79.4725 -94.6391 1.40794 63.2004 9.43598 -9.4657 -89.9615 16.4716 38.861 -63.1895 -25.6384 95.4976 27.5901 -93.3135 80.0493 -11.6951 40.2234 35.0593 
40.9231 -4.84107 36.1393 -6.45669 82.3508 70.2132 73.4989 96.0614 -95.5439 -6.25905 4.15777 79.6296 -65.8803 -50.9753 58.6154 -50.9242 -82.4343 -73.4452 6.16085 -54.5465 36.6806 91.3203 20.9459 37.0884 -55.0764 -69.8278 4.72973 92.5398 -83.7622 9.32787 -26.5467 29.3066 -44.7247 -88.5982 -70.3219 -99.5568 -50.6363 -44.957 7.09851 -95.3115 -99.7347 -40.4284 -79.4021 88.8191 -17.1882 -82.4881 22.2147 -37.8742 48.2317 30.4768 23.9305 -0.618024 12.867 55.3435 -41.2407 66.7266 74.085 -53.3212 31.1984 -47.747 -84.0075 86.0553 -68.3881 1.18216 68.6322 -97.9185 
83.7 -54.5238 18.0158 -8.87506 36.9066 89.5763 -91.0939 -14.8494 25.428 -31.4496 26.0344 -40.1332 82.0777 80.3857 43.1854 16.744 15.7687 24.5434 -99.5868 44.5472 -95.3678 -47.3937 53.8792 -52.0822 54.1351 48.7628 -43.1483 6.0425 -43.6621 -28.7876 -32.7053 -78.5232 60.2036 41.5468 77.5115 -64.7048 -93.0635 82.4543 8.72218 -6.23947 -66.8138 59.7809 -62.5299 59.2209 -73.9566 12.2283 -79.724 78.1166 -93.6414 -30.5083 47.5204 75.0184 35.0618 83.1871 -74.4775 56.0002 -4.01428 -68.0137 93.6112 -76.1646 -98.6945 40.9069 -77.6824 -7.92337 31.922 -86.8183 
45.336 -37.863 36.0599 58.4696 98.3 -72.6419 -93.0955 -55.5601 1.32163 12.6126 -19.7528 15.3657 50.957 33.5328 -14.28 -4.0353 -21.224 88.0021 51.1605 53.9317 29.2687 -80.9287 30.9112 -75.842 -77.0508 7.18787 6.57819 -40.3446 -72.3727 31.2942 -39.0008 -86.5808 35.817 -23.9806 -42.4385 -63.4058 -60.6504 49.03 46.4594 42.3637 7.26254 61.5005 38.9103 -34.7433 70.1575 -63.2111 11.7346 23.6217 10.5915 11.474 42.871 -66.6344 74.9757 -82.7321 -78.7449 -65.4816 50.8809 -44.6401 -65.996 6.04404 -17.8993 -32.6966 68.8943 -94.019 23.3957 11.3964 
-61.0209 22.1702 14.8453 -95.4709 20.8609 8.5741 -95.0875 64.2543 -77.5197 -73.6827 15.586 -46.8824 47.9151 -90.6059 -13.3106 87.9063 40.8333 85.8718 47.2319 27.3372 55.5499 26.4403 -17.3314 -88.8149 87.721 -72.6576 44.07 84.5931 -43.3347 73.5022 -48.4402 65.2194 -57.7983 -16.0267 38.6635 17.5017 -48.1928 24.0957 -24.2511 11.8294 16.4867 91.5385 86.9158 -5.5692 -1.53323 30.9568 91.6008 -65.6984 7.23487 -3.59558 -30.9181 -41.1043 -39.5023 84.7247 -32.0395 -87.3771 52.8351 -0.17641 35.0825 32.107 22.1161 -94.1625 11.3572 80.6249 63.4316 95.1422 
55.4317 40.8498 -38.1798 -88.2035 -35.7286 -91.1787 -40.0892 20.8275 47.8993 43.0001 -96.5435 -6.0506 -92.3571 -45.3552 -85.5523 -77.3096 58.3171 -64.6215 -94.1234 67.4715 -6.75142 -71.1086 78.5719 -42.5405 21.4845 90.767 -79.3025 -36.701 -33.879 -3.62533 69.0802 30.5322 -45.6003 -4.52347 -25.9826 -89.1222 -77.1521 -94.57 -38.5379 94.0026 -98.408 55.9585 94.4832 -20.8859 -29.3541 44.8307 68.961 28.3669 -37.1765 -24.8634 -78.6816 -2.09871 -73.0761 10.5761 -47.0013 49.5723 -39.1263 3.98881 39.9317 -68.6244 29.6144 -71.0313 -23.5985 -20.5159 -10.2676 33.1136 
-60.4103 83.4576 71.3297 38.8706 97.608 97.1417 60.2053 69.7405 -70.7605 -72.0921 -51.8282 -76.8497 -12.705 67.286 75.4422 -42.8467 75.1584 -12.8951 71.5822 81.7911 62.8469 68.3107 98.3351 -81.9671 -20.5336 91.5587 27.5382 34.6615 -44.4585 -14.5415 0.414327 -36.4073 -98.1604 18.1578 -21.0248 36.99 91.315 -68.1636 -25.8598 -26.1539 31.5002 23.518 67.0361 75.6465 -8.56545 40.4357 2.93195 77.3214 -59.5273 -75.5596 69.3072 45.8794 94.5817 34.4413 54.68 6.34898 -92.7763 -91.2101 32.0707 12.5515 -46.3298 -64.7673 56.45 -45.6215 39.9559 -61.5468 
-16.4883 81.9552 20.9033 -78.536 45.2664 -7.03651 -62.573 -65.0078 13.742 -37.4717 13.0182 -3.73177 80.1334 1.84109 -56.7845 23.5115 -41.4499 -48.5576 92.7004 15.767 -3.40616 -47.3358 26.8206 -26.719 -65.752 -93.167 -57.8156 92.4582 -54.5617 -18.4183 43.4234 16.59 27.7684 -96.6264 -0.714293 -5.12686 32.8664 -14.2511 81.3233 -0.0620847 -43.4577 6.0118 40.3736 -41.6238 28.5815 -30.5805 34.203 50.6453 -4.67493 28.4251 -59.6332 -55.2807 97.3608 -57.751 -20.6078 44.9934 4.33346 32.395 63.289 98.5248 -93.282 10.0291 -40.9879 -83.0524 -62.2273 -53.5076 
98.1713 -34.1756 11.3484 -67.0759 55.9862 -39.6193 -81.588 -49.0081 -79.736 76.3904 93.5617 91.1911 48.64 92.9207 -81.7577 98.7952 51.6722 55.2805 99.6543 89.2386 32.7379 25.8463 -1.75781 56.5713 -6.10564 -17.5278 9.63278 98.1004 -26.7045 -22.3519 -67.9558 67.7046 -88.439 6.52182 12.2765 -69.0124 -90.7154 -54.0101 52.4373 -86.1044 44.0445 55.1305 -21.6137 -61.8269 75.9506 -97.6129 19.603 67.112 -48.037 42.3871 0.773951 7.7959 25.6313 -14.3801 -86.592 48.4694 24.4468 77.3588 -30.2637 -42.7796 4.02763 92.4364 -21.2287 9.89962 -17.0425 -33.8207 
-23.8578 21.7022 -50.3929 47.1149 60.3937 36.6355 -67.7076 39.0233 63.8838 95.7192 -47.9206 -1.6216 -54.2924 -92.1441 -65.7179 78.4491 93.9245 -10.5035 66.8536 8.85401 9.30705 23.6334 5.86725 10.8259 -48.7349 -87.1928 -49.6836 -32.074 -68.5257 88.069 -24.4971 77.8065 94.3395 -36.0565 -1.5484 -23.9668 -9.84973 55.5049 71.6778 88.8405 -57.1189 2.83854 -92.606 -29.5248 -22.9232 -70.4459 14.9976 64.1839 -61.5304 58.3457 15.5387 -40.3604 62.9567 -87.3177 51.3343 -25.0122 19.9356 58.048 12.1393 25.3721 29.3563 -8.38639 49.9032 -76.6236 -12.6192 -91.2189 
84.0287 70.0586 74.5166 1.06729 -62.0595 -33.7982 -46.5955 69.2419 -51.4418 18.0742 -27.6941 -54.7468 70.9724 33.8352 67.8308 32.0751 86.2227 -54.8224 -0.748386 21.8718 -1.06226 -53.4314 -21.1654 72.8646 34.8826 72.0714 -96.7802 15.46 35.9595 -28.3822 -19.9448 -12.3981 25.9105 77.5846 -35.5281 79.4836 80.8159 72.1115 -21.5539 -56.6377 89.6162 -21.3304 99.6767 66.5698 37.8101 74.1242 5.32259 56.8352 29.353 -64.8552 -21.5458 79.8557 -65.0511 86.6097 49.7075 33.7437 -70.1885 -58.3601 -58.2423 -77.9877 60.3967 88.0766 -96.1337 81.685 79.4709 68.2172 
-72.9807 13.2319 -12.2814 -12.7278 83.7485 -39.096 -86.1451 -41.4766 -97.5783 1.48883 22.7378 -45.695 4.50558 -74.7848 91.9239 -35.3799 -29.9998 -6.39588 -95.5332 -26.1931 -27.0277 -55.3595 -27.1051 44.5162 -16.0092 -67.2121 -34.5745 -93.4583 46.4335 7.85154 -39.1974 9.61755 42.236 61.0029 75.0917 66.7413 -78.4812 -33.5339 -4.29823 -40.3662 -34.6898 -31.6853 65.9714 -19.2482 96.2213 -8.13618 55.2806 -98.1544 -80.1807 2.22811 47.8832 -26.9313 -34.8565 -33.6131 64.5929 12.6264 12.1113 -46.1228 14.2323 2.34116 -52.1044 80.8189 -77.424 -65.896 86.4798 65.6668 
61.8164 -51.4898 10.2551 -42.4955 -22.651 -94.8844 78.2309 26.1201 -0.303479 99.4229 0.478479 41.7956 57.8383 87.6122 97.8597 -71.441 91.2032 52.207 43.4054 -85.0853 -27.8134 -59.3758 71.3006 -51.0601 32.0702 3.97227 -38.0532 40.6785 84.1753 -65.0671 16.8958 -31.8551 12.0091 37.2351 10.5508 -73.5134 61.0394 88.7511 39.4794 -69.6521 -43.6099 48.5735 -25.7336 96.0319 7.67262 -46.2841 -97.0318 -12.6844 14.0646 -16.703 73.3744 3.85379 -29.3726 -65.8308 -18.3091 79.5866 12.7569 5.86134 -88.4156 -0.503654 -64.9204 83.1836 66.2487 41.408 -56.4825 99.3472 
-72.338 14.5418 4.2001 -8.91277 3.05837 1.95993 -59.4121 61.3462 46.1907 -73.1993 -60.9793 -78.9147 81.3247 24.375 70.132 -91.9302 -70.4545 70.7983 -93.2551 61.5292 -78.605 85.7429 80.4234 75.3118 -33.9531 -49.084 45.3187 70.8583 -84.7241 41.8303 41.1501 9.42295 -28.5086 56.7315 85.8351 30.6988 -46.0767 -11.5535 20.1879 97.6673 94.7392 82.2163 8.86052 -81.3147 -56.8547 43.6081 -78.3904 93.0683 -1.18837 27.0548 -90.337 -93.6763 -17.8945 47.1371 33.256 -66.3694 -70.0686 -43.1217 54.0552 -94.5176 42.2762 -64.5535 49.2152 -40.1343 63.5574 9.36388 
-21.2491 67.0718 75.3781 79.5248 -25.9666 -20.9188 17.6174 95.3373 -65.437 1.01492 57.7401 37.3205 45.2385 -76.495 -51.5646 -45.7754 52.4987 -53.9941 -78.6064 62.6003 -76.8162 -49.6259 -62.3932 -41.805 -16.9953 -40.0719 -87.6919 -37.6418 -45.7432 -6.22019 57.2792 92.203 56.1043 -55.3561 30.4516 -0.282225 56.6513 -62.412 42.2429 -23.8102 21.9501 -85.2477 42.4304 -71.8871 -6.78569 -47.1137 -39.5599 -83.0434 89.0752 87.6279 -37.4979 -26.3652 80.689 -60.5021 -58.6753 44.6331 -51.7518 7.93335 -64.1732 41.4618 48.0189 53.0607 -9.64664 68.9383 46.5951 -76.7896 
-3.60111 76.1531 -94.4931 54.023 -35.2117 -3.66305 35.0363 54.4711 95.9484 5.41891 75.5992 -4.85157 59.7189 95.0305 -21.701 70.6694 -59.0134 -38.1249 34.1263 -38.9338 40.4367 19.3078 -93.0107 -30.9512 3.97641 31.4747 -3.91916 -69.2633 90.9749 14.4795 -42.2356 -53.0294 -64.3932 -56.0391 -48.7644 16.7954 79.9173 -30.5788 62.0634 98.8635 -0.848982 -68.8353 85.1785 -4.3692 -33.2144 -35.1319 -61.2623 -35.2356 -4.9711 50.7963 -66.2719 -31.6761 19.4465 36.7773 -83.4104 -79.0492 20.8063 91.4895 64.7432 -60.6741 50.4017 -99.2419 40.8831 -78.5568 95.0301 -28.2861 
-5.22552 -25.3315 53.6541 -36.2272 -71.1931 57.0966 22.5351 -53.0066 -81.5538 -74.6716 -5.46071 21.8386 41.7629 -91.6449 -75.2631 52.6727 69.7168 -70.3217 -97.0977 78.5367 -33.7648 -85.03 -99.8455 97.2417 -59.0099 19.8919 -76.2502 63.3197 13.8646 22.8388 51.4375 -89.2112 28.1226 55.7312 74.5185 31.6371 -75.459 -39.4097 40.8198 58.0712 3.14002 -25.6549 17.89 77.0144 -18.576 -7.05015 -91.8199 -17.283 -75.1136 -33.676 8.20678 -68.634 68.0531 -31.8995 64.6143 -26.9192 -30.9029 14.8384 -11.8318 -56.6657 19.7648 -13.5189 -12.4781 81.0898 76.3724 -9.2515 
-89.9851 20.8768 77.2064 7.95272 61.3333 29.6084 28.9743 -29.3025 -87.4754 0.456907 79.228 -14.3504 13.214 88.3882 -59.5882 -99.6463 44.4984 84.9859 -42.1006 15.2121 69.9816 -19.3184 -84.0703 30.6491 -81.1175 58.9103 -94.148 54.9216 68.1297 56.6636 -54.1022 -95.3728 69.6875 37.3214 60.6502 -52.2826 86.4359 -71.9356 -22.2574 -79.5644 -38.3481 83.0008 -6.33381 -52.3752 -70.1022 -7.08515 -80.0357 39.3282 -11.0402 47.9789 -18.3761 -46.9519 79.3787 -82.0629 -30.5148 -62.5309 43.2567 15.2632 -71.508 -34.2631 -60.4942 73.4104 7.88358 99.2709 46.2098 48.4926 
15.6494 20.0067 52.8872 75.7947 80.9431 11.1569 -86.6783 -1.45477 -50.3375 -22.4785 4.18593 -47.0567 -81.3744 -59.0259 -49.0863 6.73936 68.4854 34.4007 -28.13 18.33 72.0099 69.7603 60.9961 -37.8678 -44.4625 -81.2175 -22.618 59.6108 77.9057 -39.0446 -21.9168 45.0866 -28.7539 -65.9635 -48.5175 -33.7529 -84.34 97.3483 -66.6023 14.5929 63.6074 50.373 19.0043 6.02634 84.7144 -5.57043 -22.1385 -81.7318 -66.0915 0.234286 -62.3478 -79.3413 -89.9837 43.8692 -91.0796 25.2683 83.6909 -6.8015 87.2719 -21.629 81.2898 37.438 20.0177 38.0529 -45.3681 98.382 
-93.6419 -40.0549 -2.2736 -12.3536 -26.3691 13.7109 39.107 70.9774 -83.1959 -73.7695 -44.7832 -71.9987 -82.7852 29.3777 -48.7428 -20.4258 -96.3738 45.163 55.0885 71.7262 -98.1014 9.07794 -27.0546 93.6491 -39.5317 -9.93315 53.5987 33.8389 -70.103 -20.6498 -61.3301 24.1838 56.5512 55.803 81.5622 15.3193 71.0514 -38.5935 -40.2421 51.6684 -9.19937 -13.8747 8.11008 -93.969 63.1307 37.2979 65.3872 -36.735 -4.75624 61.8017 -98.8156 5.68932 20.3546 99.34 7.98582 17.6082 -59.0237 -11.5401 46.1242 9.45812 -37.4565 69.4147 53.1305 -36.1483 55.353 -82.4265 
57.8312 -31.5959 -33.1141 50.5335 -84.1462 -45.2463 -55.3371 -49.8616 -23.6348 -30.5109 2.98677 -1.30364 89.6574 72.2064 -26.6119 -65.5618 -97.2895 55.9744 -38.7973 -65.6811 97.7841 57.8666 -36.6948 69.8533 24.5263 13.1416 71.1107 -42.0822 -75.676 -87.2303 -80.3919 53.2702 -87.9887 -25.3024 -57.5187 82.4824 81.6259 85.6864 -68.5834 -81.1877 78.1303 -63.3207 -31.2486 5.42619 -1.9792 -64.4619 -10.7103 -7.87589 29.98 74.0538 22.2824 99.5493 -75.6343 14.2831 56.6332 34.083 33.1263 -47.0839 61.5641 -92.1611 48.9765 -52.695 -44.7329 -25.8727 -43.1259 -16.9081 
26.0497 17.6988 62.9703 -57.8799 13.1315 -99.3867 7.20309 62.3799 19.6457 -14.6589 27.396 45.0471 -93.1594 70.2801 -2.25568 88.8677 0.0209051 -48.6485 -34.6156 16.4109 17.9675 -20.5807 -99.5604 88.0691 -22.6062 57.3361 48.5853 -26.1846 -84.9838 76.5726 -43.8705 69.2205 -10.3105 -89.3558 -3.01697 93.834 68.6216 -76.9029 93.4078 -94.8792 -35.3112 -75.9343 -28.3092 7.43025 80.1502 83.9269 -40.2864 -93.8606 85.255 80.9805 38.6532 44.8693 -82.4161 33.0197 -37.131 -61.34 58.5465 -9.19707 24.7641 10.1701 -70.4933 18.832 -90.851 66.8901 22.5353 -49.6491 
-51.8427 80.0116 -44.5541 -21.0165 -24.7462 90.4955 -42.2996 70.8308 52.9691 52.0695 -67.4741 -37.3298 -2.32939 50.0114 -58.4625 20.3275 43.5119 -94.7939 -0.930279 -35.1973 39.3582 93.8186 8.69378 -83.6151 80.5681 -91.3307 5.75328 95.3612 -64.694 88.2266 23.7788 50.4055 -34.5836 -46.5264 30.373 78.96 81.5225 -52.0118 38.4698 -37.6011 38.9592 -12.364 -2.14001 32.8346 50.2969 -60.6055 3.97249 -34.3435 -10.4099 41.0981 -64.9046 -51.4336 -45.2007 -88.8428 19.1109 -2.95288 -29.0807 41.0241 92.1114 -82.9465 -82.4718 97.2051 -73.5349 99.0745 -55.0279 -53.3089 
36.9365 -8.67986 -82.4187 -11.0067 10.1955 -43.5195 -31.9056 -38.0144 91.7573 -34.6139 43.9284 -95.1694 87.7322 -85.6966 97.6758 37.8929 66.2068 -63.0702 -20.0217 95.2383 69.8771 24.0937 -56.6225 -54.7699 81.753 22.8628 55.0685 -64.5557 12.5252 -89.2851 -14.193 57.5454 -34.058 -13.5937 -69.7827 -38.2678 32.4828 -61.215 -40.1219 71.3851 -30.9795 -73.0392 29.595 2.81412 96.9259 34.408 95.8647 -2.18491 78.2505 -44.4696 -1.10809 -23.687 92.8011 -91.7352 6.19897 -13.9003 -21.9802 -21.5786 -71.7452 -22.0518 -25.3775 80.1395 -94.5957 -69.8491 46.498 92.2858 
47.1882 92.0294 -61.6444 -58.1537 10.2841 44.0354 -97.1284 -36.6669 -61.128 21.0941 -71.1099 56.2166 32.9214 -89.5578 2.53016 -75.6394 -71.7208 -12.1207 87.1974 -73.1735 -26.2558 -80.9345 -65.4486 4.60279 -40.8987 15.0336 69.7977 90.3615 -95.0965 -86.8729 -72.2087 -12.4542 81.5385 17.7632 -53.9729 77.855 -90.9934 74.3096 -78.9873 60.7555 -82.9127 86.5037 68.0956 82.2676 71.9353 16.5786 35.7453 -28.8737 -79.5365 30.4263 -24.4104 -65.4714 22.8466 -17.4363 -52.4935 -58.0673 63.5015 69.921 -38.5715 -71.1411 -68.3974 44.5217 76.727 -49.6529 84.0093 -56.3151 
-88.017 99.0422 1.86907 13.4207 -38.7919 24.0654 67.9083 -64.7828 -3.90205 18.3182 73.3077 83.1647 -51.408 -14.3372 34.7003 7.79265 -28.9701 99.0871 -42.6828 29.959 -79.4617 86.6995 -41.7332 -10.3633 24.7227 -86.0214 38.1775 49.6383 70.1238 -29.607 -4.30087 -84.6666 8.81418 -60.051 -77.2354 -94.9188 99.643 -99.4818 9.43729 12.4701 -15.8489 27.0687 -56.5492 -23.1765 73.169 -47.8521 -50.3815 38.6528 37.298 67.9277 60.4311 64.7313 -60.3655 37.4296 79.8412 91.037 58.8271 -92.4008 18.9222 25.7506 -8.98569 -22.5245 31.5652 -83.8097 10.0975 -91.7795 
62.6829 -87.9268 14.5638 -26.2215 94.8265 -51.2959 70.2196 -18.3735 -4.16514 -3.53351 12.2336 9.75641 -24.044 93.1284 8.18004 81.8992 79.1876 -94.4321 79.268 57.1897 -13.1819 51.9381 -76.7486 86.6064 -6.31053 -61.1287 9.15734 -92.5444 6.97922 99.7402 -66.1483 45.9792 -28.0881 -76.187 -74.9989 93.5925 9.45796 -40.1065 -69.2803 5.16838 64.917 60.3664 -22.007 -71.4759 -95.1891 -42.8772 -36.4811 62.0504 80.3701 -20.2032 44.0218 74.2555 13.0036 -48.1947 -7.90949 65.1181 39.4248 12.6372 -6.80221 75.2193 10.1773 49.0936 -83.7652 -41.5279 40.9059 -94.0771 
46.718 -10.1069 -67.1146 4.52707 86.4335 86.9978 -27.3393 -91.811 -67.3204 -53.2474 71.0237 95.1146 -9.04452 -11.1859 -0.59932 -72.7728 -92.6277 6.61479 -25.1545 29.1567 36.5242 62.889 -24.4375 78.8665 -91.332 -17.142 94.7157 87.4965 -46.8694 66.5025 -92.7982 -58.9039 2.63085 16.6674 -71.6377 -15.455 47.3334 -67.5537 25.1468 42.2921 2.69039 17.4518 -87.4394 6.15215 -0.8871 90.5028 80.7638 -2.6809 -57.8236 -41.5261 71.1204 -79.2922 -63.3751 54.5924 -65.9179 -81.6382 -93.1212 -87.8762 64.3651 -16.4169 80.8 5.59861 95.8389 -35.7955 -15.0563 -50.6195 
38.7128 46.8449 -78.1664 57.757 -78.8015 -16.11 39.7517 -93.9794 87.46 -59.8948 -51.6748 -97.5961 -98.1672 -96.0946 -62.2712 8.25449 -66.7708 -17.4023 -79.6455 -2.27924 92.8174 -17.133 46.264 -41.0815 -56.5314 75.927 -94.5664 22.9883 -34.8297 17.2719 88.1056 -9.15661 -95.1385 7.19176 71.9159 89.7259 23.0991 26.0555 -84.996 72.2903 -16.909 10.2217 -4.32399 -73.2333 -31.9067 -55.3295 77.5548 64.1713 -73.6235 10.5945 62.4283 32.7945 -22.6238 -37.4754 -48.3562 76.9336 23.1967 67.5065 -17.4603 -54.4276 34.6697 94.3327 50.2858 -45.9229 -26.6978 89.4744 
-3.42365 58.7903 88.106 -2.08314 -11.2856 -76.718 -0.0949155 4.75507 -81.5883 -55.0204 72.9351 20.3819 -41.4697 19.3993 44.1931 -46.7535 14.3668 63.2963 20.5896 48.9846 83.9972 -58.3403 74.4426 -43.3818 82.5537 79.6145 80.1477 42.5693 61.4259 -14.6252 -5.50212 -74.2089 -29.271 42.2993 -75.1259 -40.9073 71.7297 -39.7183 54.6699 37.5279 -68.0968 97.5059 -18.195 -2.97323 28.8538 -54.7747 1.41533 -12.5325 -33.5639 91.8401 -43.1669 94.6673 72.8215 -88.7732 -11.664 -36.1706 81.3918 -47.3271 -26.795 56.0705 -23.8056 98.9005 20.5929 -94.9207 67.94 67.246 
3.39814 -87.4843 50.6258 67.1967 -24.8806 31.6284 -20.7117 98.165 59.403 -13.1872 -37.126 23.2224 98.0398 -44.8118 47.7095 53.6169 -60.2769 -73.4987 -93.3582 -71.3041 -7.66266 13.5978 -61.8258 94.3833 -99.8143 21.2578 79.9027 -74.6394 -64.9372 0.254059 69.9771 -95.4737 -25.6716 -62.4991 -22.0912 -85.97 -98.4065 82.5791 -92.8842 95.057 23.2046 -0.688003 36.7374 45.9245 53.2715 -66.0686 -14.2654 41.8677 69.7719 56.1044 -53.4245 93.9777 83.1113 51.5038 24.5422 81.3701 -13.1989 -34.2378 -34.8947 -75.3629 -23.5744 -14.8251 35.1337 92.837 -88.7119 19.083 
-72.7041 62.4145 0.617442 -22.6468 -24.9636 36.8301 4.06854 -20.0249 41.9219 -18.1509 -61.6032 35.2188 -78.2981 44.1921 -63.8807 -42.9287 96.6092 -89.3591 -58.8378 -86.2861 -10.7784 46.8962 -15.6363 0.620198 23.6681 -10.6409 -41.9942 3.81924 -10.0673 -1.40522 -17.521 -75.9817 -24.5108 47.3215 -67.2138 -61.6741 43.7965 87.4449 85.9047 0.966356 41.539 -54.4521 24.0342 -56.6431 -0.880156 7.22528 35.3362 95.0943 50.2439 49.0527 28.4253 -55.8859 -74.9877 81.189 -56.0678 68.3455 82.6518 -70.7043 72.8215 -89.5919 29.4834 -72.4873 -93.412 25.2199 70.0741 -64.7964 
-33.055 44.4964 51.716 -9.238 -63.0125 -51.7292 -12.8446 -79.5714 43.9855 64.9711 -30.1109 -73.6486 -12.4098 29.1321 22.9773 -20.144 39.2166 -85.8344 -18.7103 -64.3394 47.786 -59.9158 -4.81306 -93.0576 -19.2732 76.1128 27.5492 19.4327 4.87418 -79.6109 -20.3511 -41.2527 65.4778 85.0931 -39.6972 9.97614 68.9567 -44.3166 -28.615 68.5094 37.5432 -11.4326 52.9605 -92.7747 -63.6268 23.8512 67.9491 20.1952 20.0843 -43.7938 -41.5761 30.764 50.706 15.1542 96.6771 51.965 -24.2702 91.2128 13.15 12.7884 -66.1186 -54.7705 72.6478 -8.19993 -16.1634 -58.1192 
-8.87882 -26.4024 54.1005 66.3338 72.5034 -35.3089 -36.0997 72.7249 87.3992 -82.4084 -37.3881 18.1802 -46.173 -29.1091 -36.1731 38.555 -6.25674 43.0345 80.4384 -72.0029 47.69 -73.4095 6.938 6.99227 -80.8506 -56.8728 -61.0552 44.9004 40.2069 -41.7939 -29.4098 -89.7505 -37.0874 72.1802 -67.49 95.1414 41.4585 -6.7172 -95.9221 37.851 -38.3543 -20.91 -33.547 -24.238 32.0963 42.3037 -1.15262 27.9587 -97.886 29.5986 64.0445 -4.03474 -11.7932 -8.9632 -44.4263 -72.6594 13.7898 -35.1092 -80.3263 -43.8582 75.1182 -87.8725 -73.4184 56.3837 40.8693 90.6873 
-17.7306 2.15213 -29.1752 52.3338 -26.5793 81.4904 9.94884 10.1483 -36.686 18.3399 38.3656 10.6775 56.6037 -62.3937 -50.6175 71.4552 -51.6646 72.2596 66.4489 6.21298 21.542 55.608 4.45004 -8.09655 -78.6953 -32.3834 -67.2619 -71.5452 -60.213 -0.174809 61.9833 -46.2076 -11.2704 -21.929 38.9056 87.1402 -34.8135 88.947 -66.9621 -32.7283 -64.8391 49.7506 -41.641 -59.9204 -81.7572 -93.668 -77.4378 -96.7942 -20.2687 -55.9118 90.4343 -70.1883 -55.0355 19.0101 -96.8469 94.9728 7.59908 -82.2713 66.2379 61.2027 33.3304 -15.4385 -75.0856 35.7935 -18.6488 -30.019 
71.4066 -69.503 62.7817 -27.3888 76.4573 17.3203 -97.653 -54.4462 -77.5069 -58.6532 16.3152 9.34493 60.2897 89.242 90.3337 38.7368 48.9293 -45.3778 -65.4521 -53.0838 20.3724 -0.67523 51.4053 -30.3921 0.532913 -43.3301 -48.2638 29.5976 47.1411 -99.3496 31.8319 -1.51812 84.8943 19.29 6.82768 -47.1247 -24.7036 6.42514 -12.6687 76.6471 7.62703 -12.4606 -25.57 44.2098 33.8297 -24.3905 69.7023 86.4692 87.2131 -10.2137 -61.8044 53.407 12.0639 -42.434 12.5945 76.5027 -18.8073 -93.8396 38.4528 76.1291 -97.6404 -41.5971 76.7945 85.9314 48.763 -39.7595 
-38.0952 -66.5576 -33.2804 55.5085 -69.1955 30.5224 -10.0308 12.8552 57.3192 -36.6639 -10.2566 16.7171 -36.5156 82.0741 19.9646 -54.8466 -7.46445 -54.9798 -45.0829 91.7029 50.7011 -66.755 48.4939 37.784 35.1791 55.8595 30.0978 53.244 71.5276 -35.0947 -36.2625 -64.2425 75.9698 24.7615 -33.6732 54.8175 -82.183 -48.8901 -95.1738 13.1735 6.4109 -51.9866 61.5461 5.84282 0.345376 4.73747 22.6266 84.7372 -21.2487 72.4861 73.2199 7.28674 68.1946 -52.544 93.5825 40.8028 -26.8258 -61.7315 78.2855 -55.9423 -22.5153 -14.6686 65.4215 -61.0163 99.0925 47.1498 
46.9988 -90.4525 -35.3563 -32.8288 46.9693 12.2365 58.9717 -61.817 41.6364 -16.3304 -64.6051 -17.8651 -59.0675 52.1535 -55.2919 -90.3751 66.4022 21.1655 -70.9111 -3.05069 -72.9829 -24.1469 -36.7575 16.2534 -29.2816 64.5781 -35.219 73.4363 44.5339 81.8546 -70.5332 -51.6171 71.9126 34.7222 -24.476 31.8511 -78.1232 -15.8542 -62.0705 -19.3411 -65.5541 31.6265 -53.5793 92.0699 19.2919 39.7188 -46.4162 82.2234 -70.5304 -5.07678 74.5236 -82.6689 -15.6015 -14.4949 -15.4257 -60.3395 74.8548 84.6659 -20.7791 -34.9195 -92.1812 -89.4029 5.80441 -45.3223 68.7534 -60.8492 
-92.4963 14.432 -41.4268 -60.5732 -52.9902 -5.99047 -81.7662 -44.3084 -90.4764 -36.9148 -26.2779 -53.1441 7.80773 24.4477 92.6672 57.6499 -78.7693 -76.3143 -14.8472 62.9398 29.1689 42.3437 69.9492 35.4466 -48.2342 -71.9691 15.3319 83.4419 7.59361 25.8706 7.21851 -78.4639 56.732 95.496 0.944436 73.133 -53.8307 68.0657 -19.1131 -33.3865 72.8228 -67.6561 -96.404 -61.8902 11.1778 65.2329 -31.1185 -8.14607 88.9734 -23.5373 8.96474 70.3848 -42.8049 -22.0571 85.8668 -37.3007 87.6874 -37.5352 -53.6346 -36.2627 -66.9864 -41.1787 -90.4645 -36.4094 66.6241 -49.2737 
57.2675 94.8564 51.8536 -96.9184 92.1851 -45.8339 69.3925 79.3634 61.0882 -90.2612 -20.2368 79.7672 46.9589 38.3315 36.7041 85.6817 52.245 82.5474 -25.309 31.9447 95.3778 14.2973 94.6832 -59.9377 26.8483 38.7888 -77.0359 58.034 -23.1589 -31.9208 -93.5344 -32.8726 -90.5361 -40.7687 0.403215 -23.1586 -26.5535 -84.9193 -38.7427 51.7243 -68.9973 -37.3868 40.0392 -61.1307 -23.4442 -26.3546 57.4491 -53.2493 38.6476 -50.4074 2.85863 44.9484 47.893 -63.1348 93.204 79.0541 61.4739 -8.41524 -34.8699 -58.759 38.1187 60.9596 -51.4239 -80.9018 83.9437 41.6397 
39.2666 -46.4657 51.2227 99.7396 -75.9453 -13.024 -94.8304 -14.4221 6.97331 0.483073 -80.9926 -42.959 -12.5212 -43.3988 -2.98358 54.9518 -24.4273 51.1562 -18.4638 78.4208 18.7199 25.4609 -79.3415 -93.3162 35.079 -27.8258 -67.9579 31.4012 -39.623 55.6743 -82.2254 36.8802 45.2029 -75.1669 70.5616 -70.4125 -22.4227 -57.6061 13.6028 22.3187 -90.2413 -84.7532 -47.7138 73.5791 43.1565 -69.4504 -53.629 57.3548 -38.2722 -41.4357 -9.31643 18.731 12.6191 89.0166 -98.7623 -97.3962 61.3362 78.2321 46.9445 -4.55679 14.0642 -23.2505 28.8609 64.4412 63.927 21.0984 
0.435655 -77.9393 74.5348 -93.5118 -52.4923 -38.3417 -8.65725 97.575 -56.779 -84.5959 -3.6642 15.7724 87.3594 49.0084 83.9842 -77.679 49.0072 64.1005 -62.5836 -41.8744 17.5754 -11.0269 70.4169 96.0234 65.2734 49.9682 15.252 -60.1047 20.7333 64.6936 -94.0087 -3.89669 -91.6175 -16.1339 38.0914 2.58014 -35.5225 -26.7753 -12.1729 10.4187 -93.7338 16.2251 95.1663 60.2648 69.7095 7.2003 15.4405 -91.3925 -33.1393 27.3648 -79.736 77.2247 -84.5101 38.7184 -59.2559 85.9082 59.2916 -86.2487 18.6511 68.2774 -62.083 -29.44 2.52316 6.75216 83.6292 -44.4184 
