47 47
4.30414 -60.3485 -76.9298 40.8026 -30.3978 -95.578 20.0164 16.1375 22.5175 52.3588 -5.74135 -94.8731 68.2128 53.3121 16.6507 47.9153 -87.9402 -11.54 47.079 57.0683 -53.6071 24.7308 50.7334 76.8724 -5.20384 -60.931 -68.0073 0.937356 -45.8607 19.3309 93.626 -27.4489 66.9824 -26.438 56.59 -91.3322 -20.3038 -46.5507 22.9463 58.4773 28.5386 47.6905 -64.9288 -58.7148 -19.0806 -87.5677 49.7057 
3.11908 22.4465 58.0141 43.7915 3.81229 73.1006 2.49338 -93.7708 -5.15106 26.1691 24.588 50.7554 45.8325 -92.9498 -8.10574 -33.108 -46.6359 -9.14779 53.082 -51.2537 -21.1292 81.1143 88.7015 6.50171 74.1726 19.6172 -93.9974 -14.8993 -11.8792 -54.3292 88.3972 92.043 -33.9237 44.2528 -43.8982 3.46392 18.0717 -68.806 -22.7479 76.215 -55.3078 41.5327 39.4693 -39.1463 68.8199 55.2318 80.0894 
62.5247 52.3661 -82.1285 65.568 0.913724 -43.0442 -44.4947 -23.1122 -46.4539 49.3441 -73.7686 -29.4561 -68.3944 94.6778 49.7961 -77.3851 -10.7553 35.8026 -66.1755 -10.8304 -25.7064 -47.6329 34.101 -64.5208 -0.32964 59.7343 -45.0745 32.5525 -90.0333 11.1075 83.1881 -56.7978 -0.136347 -91.5914 22.6343 14.8005 -47.3627 -24.9065 -3.69769 52.8984 63.3286 -36.8849 74.7662 -3.94713 60.5347 5.89345 51.2063 
24.7586 -82.4393 42.8596 -58.9456 -97.8621 32.1698 78.4835 71.4073 -58.0374 -34.3586 -65.5918 -1.09946 -78.6769 77.5549 65.9165 59.3033 -89.4186 -58.5923 39.8885 5.27479 53.4741 -61.5244 -39.9679 59.7125 -11.5302 12.3907 50.8445 -55.7496 16.2774 -26.571 20.3897 89.9977 -8.83546 -97.6047 -41.8374 38.4209 -60.2918 76.0527 18.4985 -94.9775 -87.0743 -57.6597 -87.1638 38.4377 21.9271 -71.3068 -53.5831 
28.7796 99.5068 10.5993 -58.3031 -99.8721 50.3216 -45.4792 31.3312 -16.8436 -90.1124 80.9049 -31.7434 89.0996 97.1114 -48.8844 -0.302598 -85.7587 54.1265 -95.0874 65.998 29.0995 75.1831 2.83535 53.6581 32.0218 -9.0654 37.7483 35.1455 90.4106 -69.8653 -26.8004 -33.5837 -41.7839 -62.3074 -0.128323 43.2679 2.87692 -47.6506 -63.4795 -99.5318 -30.3744 97.4982 52.8108 -8.79741 -58.0667 73.7509 -68.1917 
-97.8415 -22.9283 43.5767 -6.52785 86.3564 -8.41967 90.5823 17.5014 -53.6963 -73.277 34.0863 89.0566 -25.4347 -80.5614 5.14171 16.7619 -82.7658 -45.0876 12.9399 80.7088 72.4035 85.2963 -25.1399 73.7198 8.25081 71.3602 -49.9251 -90.8385 76.6979 61.2523 66.7073 -50.8361 -2.44127 -30.4789 -58.354 44.8107 -67.3161 17.9162 -82.1763 63.1882 4.87504 -65.2495 -48.5099 94.5135 88.4699 -87.0262 -49.5902 
-63.1531 -14.2878 64.5881 -67.1509 -5.1784 -33.4141 9.97756 92.7833 9.32565 -63.7721 -17.029 -5.87922 -12.0857 75.5901 42.9694 -13.6489 2.90365 1.67379 -68.6017 10.984 7.53954 -82.9744 50.0326 97.8908 51.5123 -32.7157 -53.5271 -29.9695 -97.9417 93.6416 33.6529 4.3629 -72.8 50.5612 -17.3111 52.2786 46.5266 -28.1425 9.30957 65.9944 -32.7006 0.192834 40.9692 -31.2436 88.8083 1.61567 -45.3592 
47.7952 94.2715 21.1512 87.395 46.9759 -76.543 -57.5209 45.4167 -81.3388 -61.1195 -35.6082 -66.8241 87.4239 -66.6231 65.4524 57.6482 92.4656 69.6991 33.3516 -59.7551 96.4646 79.7502 -37.8333 -63.9337 65.7558 -42.2388 91.7963 20.508 77.5605 -40.4644 -85.6749 61.4455 -85.7142 1.58238 -4.93835 1.17321 -81.7812 -96.3613 56.1338 40.3208 71.0334 58.3147 95.8365 -75.6442 47.1416 -90.6779 -24.2989 
9.17887 69.2405 -74.611 13.6061 78.3101 -42.5973 66.8428 27.06 -3.05105 -79.0327 97.1429 80.3284 79.7014 -58.3561 9.12711 -0.707383 -88.9898 -51.5878 -35.754 82.3609 39.5273 -64.3 -89.5193 49.6801 -26.3983 -76.597 33.4478 -42.3686 -88.3907 17.7876 -43.6802 67.4757 64.6595 -67.7144 -76.2263 64.7232 2.86559 -38.0333 -25.4063 -3.47842 -61.7535 -91.7656 95.436 -6.72252 14.6038 45.2418 -20.6398 
-92.6782 -41.712 -53.2398 -0.774123 -10.6854 10.6173 44.8952 -47.0367 53.8666 -64.1784 -46.2311 -6.58972 46.5465 -92.6448 -81.4034 52.7041 -2.30541 53.0193 95.785 58.5464 -10.0548 8.22252 -4.17317 61.4522 27.5428 -88.7778 -89.1998 18.9623 99.4649 -94.1841 48.1839 27.4115 -94.8185 -13.8495 31.1003 -97.4408 -87.1417 9.24792 29.7142 6.61666 6.20738 -72.6187 98.1713 -34.3023 80.4363 92.1179 25.8541 
-70.4485 -28.7268 -11.1309 -77.3445 71.7886 -48.4632 78.4574 34.0948 31.2821 -41.8259 32.7168 70.5291 -17.3395 -25.0564 77.905 -50.1064 62.5735 72.5243 -84.8503 -79.1769 74.5685 73.3866 8.26916 -20.1917 38.4585 -27.2434 -79.4928 -36.0472 -45.2167 43.3514 6.46111 -8.10988 97.2451 -1.41256 59.09 -74.442 53.1006 61.0716 31.0746 71.5861 -52.2138 42.0917 34.6296 19.7075 24.4857 -69.0908 -9.41951 
86.3767 -66.3259 59.9172 28.3767 -72.9698 -4.22278 27.7044 28.0492 22.8855 37.0563 5.50044 45.9698 14.6238 -17.4229 -26.2801 -89.8388 79.7342 93.3341 65.6587 -74.8195 -90.8104 -49.7019 60.0413 -86.1886 28.057 -45.4969 -65.6529 -28.6751 56.9684 67.8088 63.0054 -67.5603 -86.1223 -56.7495 10.7037 96.7962 54.1929 19.6083 -43.6047 -64.9498 -12.0973 81.4789 16.4403 -87.971 70.6017 2.09805 61.8671 
1.00369 69.0588 71.7088 9.8889 2.66453 -17.231 -1.42309 82.0732 3.86577 -28.0768 -87.6122 -98.3011 52.7097 92.6566 79.9255 -91.4776 -64.2129 -25.503 -28.5943 16.3821 -65.6192 -61.5874 -99.0557 -28.3924 9.45443 -99.4116 -10.0238 -69.7211 -2.32264 -36.6518 -7.13731 43.2403 -60.4676 -79.322 34.6306 36.708 -49.1309 56.7901 70.3971 -36.6302 -43.1814 50.2325 58.3147 94.6829 -64.3142 70.9171 -95.7074 
45.8104 -65.4052 -65.1359 60.7298 85.3159 -95.4228 29.1965 -95.1304 -57.232 -98.9801 40.7223 19.3344 -47.0908 -55.0112 26.177 -43.4187 61.86 80.7124 -66.7449 17.9067 -42.6388 -29.7745 -19.9249 -77.1743 -68.6251 18.1081 -57.8875 85.4568 72.0602 -84.66 -80.6822 -25.4051 16.5508 -30.2461 53.375 72.8536 51.1915 -25.0466 41.8236 -70.0564 -37.3163 24.3473 5.27694 89.6053 -4.17162 87.5626 63.9116 
-38.3019 59.3703 37.0198 -8.89772 56.0645 76.6524 96.0807 27.621 25.7814 -91.9992 -30.8531 52.3334 -32.0452 15.4992 95.1918 88.8962 78.6754 97.2441 -17.5944 91.5592 35.9938 -51.9122 -88.4684 -88.939 2.13763 -72.9024 -71.157 63.598 90.8121 79.1948 26.9596 -90.7152 -50.8999 -74.4457 -8.54932 -88.3931 -23.1693 -7.23308 33.7036 56.7891 54.7788 66.5598 70.8376 -31.9707 68.0157 -60.2693 53.4497 
-71.5118 -99.6149 -27.3328 17.849 -12.448 -13.7149 93.2121 16.5383 -40.5094 -40.8413 -19.7324 -43.2528 50.3531 84.3238 29.2844 -16.7997 47.1081 -54.0654 -77.2086 -44.4236 -27.4261 49.5901 61.411 -66.0238 -62.3329 -28.3685 11.1914 93.0992 -82.1091 -8.0693 -20.7056 1.13342 49.4665 -16.2052 39.1997 28.6581 56.4707 -97.6141 -0.756547 84.71 -79.7221 -90.066 60.0825 7.36858 43.7667 -13.0546 -8.26213 
-61.6301 -17.8576 67.6085 96.4849 21.3321 -71.0698 -69.6465 50.7636 -16.162 -34.5164 82.7827 -71.8718 51.1683 -14.2316 9.61753 41.8447 84.1135 94.8256 -65.7653 83.1569 18.5068 43.471 16.398 0.489895 33.67 90.8675 9.93324 -52.046 63.2583 -17.8011 16.836 -37.6499 17.3188 77.1007 30.9568 90.8448 27.7513 15.7607 90.8017 -96.2333 7.43833 15.9878 -93.607 -52.0723 21.2891 6.53443 24.202 
-36.1699 92.4411 57.7222 -63.2011 -21.6733 -63.0198 25.4798 38.1821 -73.7134 98.6057 66.6765 31.6311 24.5497 7.5014 76.1024 52.2557 62.3614 -92.0113 -33.5357 -34.3812 -45.3163 -30.4273 8.93766 15.2642 -54.5686 66.1255 -28.3349 -24.2441 -70.7078 14.5338 69.5772 -16.7142 84.7902 69.3107 -95.2162 -99.4096 22.3383 39.0329 25.6846 81.6437 -14.6106 39.4758 69.0204 26.2822 -74.7313 -8.16731 -68.0405 
43.4886 -87.8968 -80.9531 20.6795 -39.468 61.0178 -73.3171 -40.5983 63.5693 8.79699 50.976 -46.987 89.7698 -39.178 -64.1888 -20.5995 -15.8944 62.2101 -34.124 77.6539 -70.3836 62.4632 18.6734 43.5815 74.702 -82.9405 19.2194 20.3016 8.65852 -76.3014 2.79473 -29.0173 -93.5472 -47.8677 87.5009 27.6674 6.0892 -58.8307 33.2225 -28.7535 -59.8339 -28.1218 -43.6645 -69.5567 -39.3513 22.2324 59.9364 
-49.5463 75.3181 70.4804 -35.1466 91.617 6.48865 54.7385 -10.5792 -4.90008 44.4319 -33.1284 11.7963 60.8567 18.8844 -10.6913 -88.2251 1.55359 -88.8928 -22.1095 5.27343 30.6211 48.1343 -7.5087 1.32731 -91.8634 51.5666 80.5652 59.2771 70.7723 70.1728 -5.67655 -5.80875 -27.6461 -48.1674 50.1882 -86.1437 -16.4933 -2.65099 44.7983 -74.3111 53.8803 -33.9798 -98.9609 -36.1269 14.6068 96.6626 8.93588 
-14.5903 -18.6152 -65.9365 4.87189 81.8521 87.5801 -41.8592 72.2282 -60.7839 5.26937 -37.7141 -60.9091 -99.8189 -56.4346 -95.7202 31.3271 -84.7968 19.8883 62.1344 92.6212 84.2841 -37.9198 81.5308 88.9067 55.268 89.5883 -90.2254 -18.5941 89.3853 99.3763 16.8429 78.7595 -89.6204 -49.337 -6.98098 70.734 26.6887 -42.6177 -75.3996 -41.4929 29.5726 25.8884 -94.4888 -73.5142 46.8611 -5.10592 -15.1223 
39.7689 -4.73719 -17.8885 -51.7603 64.7108 -5.69619 64.0656 -49.3953 12.616 37.2436 -47.5384 22.2764 -1.01646 -83.5968 -11.8649 -14.102 -11.8108 95.1656 48.4156 -78.5018 20.7425 19.1408 99.0101 62.6526 1.81586 -80.9173 22.4663 -9.55456 16.5731 -55.6432 4.3742 -82.8837 -27.1641 52.5583 -51.8901 82.863 79.2648 3.37556 -67.0132 -90.2573 44.9443 -20.9181 30.3243 60.0902 -64.6358 65.3691 58.6267 
-60.5446 26.8774 -71.7407 54.0799 -78.3896 -93.5283 70.4276 76.7296 -6.12105 -76.5055 -28.392 15.7468 56.9701 96.6553 84.985 -57.4638 6.53399 16.7341 50.4727 93.8427 13.7663 -29.6991 47.4711 47.0074 52.7669 53.5516 42.3253 -39.0766 39.5743 -75.5021 35.8419 -5.59076 36.1779 41.5135 -83.2479 52.7748 -14.3987 0.501943 36.1616 -31.9399 -13.5656 2.81728 -50.0081 -86.7732 2.1913 29.1696 53.227 
-13.6027 -19.7923 -49.3607 -5.84875 99.9764 -96.3148 36.8689 55.4526 -8.84039 19.525 -42.861 35.9063 76.9213 16.8827 -52.7418 -31.6008 85.9847 -55.5826 23.6383 88.34 -70.2702 -30.9707 76.1674 -55.0892 -83.9604 78.231 28.6824 65.1684 84.6054 -37.4683 69.7891 -54.9241 90.0195 -41.832 -69.7977 -90.3427 10.7872 -99.6744 -27.0309 91.0956 43.9635 95.1439 83.2482 -47.5436 -65.7437 46.0954 -74.4134 
-66.4386 -34.1142 41.8042 3.18489 -71.5091 -53.4597 -96.381 -75.3239 30.84 -72.209 -16.8824 57.458 96.2719 41.7825 38.1521 21.899 56.4657 19.3559 -85.151 67.8468 -98.9717 -17.6877 -77.9252 -88.9648 -32.0146 -68.6241 34.8048 -35.1702 93.8511 -43.7484 -79.0357 46.8459 -60.4209 -93.4622 -19.2939 -72.8008 36.1858 -25.9204 -43.5772 -2.03576 -15.0042 25.0761 54.4433 28.5874 68.5546 -2.9421 -47.8595 
24.8161 84.4679 52.5882 49.464 -59.0436 53.9625 -52.6335 -10.8914 -52.3648 -95.7588 -18.7014 86.3636 -86.873 -74.9527 70.3972 -33.6875 15.0269 -42.1663 -89.2357 15.1642 64.3398 -40.3072 -42.5739 61.2589 -20.8763 -68.3548 -38.7143 -71.7139 -96.3092 -69.2288 72.1423 94.9364 -4.46213 5.00696 -47.9843 -72.3644 -28.4714 81.3947 0.703315 20.6108 5.93277 -87.946 91.4365 -26.8806 17.889 60.7074 -90.7114 
13.7005 64.7652 -91.0989 -98.4742 -55.8383 -74.3173 -50.6252 -58.0649 -96.8282 8.66149 -26.3144 -65.3524 22.1756 -95.1546 -63.5224 -20.176 -98.3688 -84.9642 7.31343 -83.2511 -0.984558 52.5345 -52.4562 -31.5946 -10.0937 -44.2165 53.3485 28.2517 26.2151 -3.31092 -46.6007 -17.8327 85.4349 -95.6195 -77.3319 83.5232 -25.1428 24.8441 -45.2361 -83.877 80.0011 -22.2362 76.5793 67.624 -43.4496 -56.8906 40.4236 
-0.952793 -13.5975 66.2242 29.8536 -49.9946 -59.8837 -64.7153 -70.2979 -95.9885 -78.2832 94.603 -7.11883 -46.1609 -25.4998 24.6157 -84.5038 -56.1546 8.92954 78.8381 31.3236 56.3911 -33.9745 -9.61978 -79.6602 -48.3982 -28.6214 -39.9422 92.1053 14.4967 46.3524 45.0631 -24.8636 -82.8046 -96.2055 74.0402 -6.31337 91.2181 -98.1271 -22.2301 -21.944 -13.4149 -64.842 0.719963 -99.5761 23.8571 -33.1037 26.1431 
-12.9483 -21.9059 28.0531 87.9649 26.3798 -34.0034 -94.7232 -12.6902 -84.2049 -31.4784 -58.1721 -98.9327 38.641 38.8338 80.0808 -81.5713 31.226 14.9213 -17.2009 -96.3546 -31.9992 -11.1506 -8.73328 19.8404 57.6212 39.3815 84.068 -69.9609 -33.1924 -64.4437 94.5353 55.2448 99.8773 38.2291 -83.3706 -10.4737 -32.1038 31.7434 -89.0871 -86.6509 57.8529 -65.8572 -61.8138 96.2081 -29.6412 20.1855 57.7748 
20.3255 10.768 -22.5919 97.5227 64.3808 47.7903 12.3748 -16.5715 82.1824 40.2654 -59.4687 -90.2385 -38.8563 -57.509 45.4305 -49.0099 90.7366 10.6233 -54.1979 95.9734 24.4067 3.70252 28.3143 77.9914 2.1923 45.9227 23.0163 35.15 -33.3199 -7.81233 98.1855 3.68189 81.4981 -61.2448 59.0656 -84.2933 82.2111 -78.4411 40.9661 -83.1027 93.1165 9.62975 47.1366 25.5267 26.9111 94.1152 -5.99196 
93.1315 61.39 -18.9868 88.6521 -23.9152 57.1617 -83.0943 33.7548 -82.6249 -76.3446 76.6673 -52.3861 -53.0983 -23.6475 -43.6793 81.9436 25.4147 -55.7158 -15.5924 -61.7617 -29.1826 -71.3558 -76.0907 -56.1426 11.5339 50.1748 88.5414 -84.1837 -75.3927 74.4204 -16.8624 -5.92675 -10.8449 -71.0678 -36.2138 -46.113 -21.3466 27.1171 -42.1326 77.9804 16.3599 -39.9341 28.004 62.9576 -71.7119 -62.3162 52.0003 
-31.7013 -4.08064 16.7568 32.3369 85.6018 -91.3532 27.5377 26.5189 -96.3733 53.6813 20.8171 72.5589 96.7021 72.9391 88.1238 97.0094 36.8261 -63.725 -26.6533 37.5 62.6764 2.0329 -33.0451 11.8273 -17.7584 -65.2073 60.268 -75.0864 22.1427 -46.8589 43.1781 93.8465 77.8815 -45.8311 -82.6084 0.618107 -11.4708 10.9979 41.2302 -43.5431 -28.4099 -84.36 -38.4389 -42.7875 70.4863 63.1573 85.1587 
62.6986 -24.4145 65.583 53.8557 -46.9617 -84.9657 -17.7685 -35.5545 35.0789 -29.4083 -64.8987 48.0051 21.3203 -69.8611 44.2271 -75.5412 -21.2429 -28.9001 75.6581 -14.5325 -48.4131 -78.7991 23.1221 12.3761 4.37965 8.8413 -4.28709 -53.0655 -72.344 -85.1145 80.9286 -33.7224 27.4685 63.6191 45.6847 23.4301 -9.79509 -26.0534 -79.5005 35.7318 -55.1074 10.2368 49.6198 -40.3139 45.1037 57.2311 82.6606 
76.6819 -7.55222 69.8357 -71.2322 0.127684 -54.015 -30.5676 50.4222 45.1183 -96.4386 -44.3803 -99.1652 -69.84 -1.02709 -62.2181 -98.8037 5.62957 16.2283 -51.4938 -57.0939 22.2224 91.3094 37.2704 3.04604 -5.26198 -38.0439 -3.01165 -16.8123 35.5488 69.0606 -98.036 -91.3297 21.7191 32.449 -29.8367 -65.5043 68.9431 -72.8544 -63.5665 37.496 -4.9591 52.4678 25.7605 -42.6127 7.7759 89.5044 -99.3053 
-23.9696 -57.3965 -62.8656 18.2244 97.5591 75.3604 -18.0102 -98.0585 -68.4527 -84.448 83.2726 -36.8236 -94.1597 57.7989 25.8598 25.4135 -74.9749 96.2185 -55.3386 -75.4272 95.0264 -90.8564 -23.5342 61.2386 37.5794 -3.7369 -6.09598 -55.2011 34.8967 -91.912 35.6817 -97.0807 -35.4721 20.0895 44.6536 93.2753 77.6312 -52.4231 -75.7424 -1.76637 -87.4182 -38.3319 -44.2456 -35.4943 46.4665 -37.8146 50.799 
-21.0167 -27.57 31.6615 -64.6998 -10.1368 30.5499 51.5951 -41.1716 28.2803 -92.4726 12.8145 -26.0121 14.9004 31.2151 31.5886 -89.8882 48.973 88.6605 -83.687 72.327 -0.294423 51.6286 -78.9253 -97.0195 -6.12612 38.2919 -27.6764 42.8462 -83.5561 72.8485 -36.0929 -13.3826 77.9073 -11.5177 22.7917 60.1259 -64.5098 -17.0361 74.7326 31.5713 18.6422 -81.3331 35.2513 68.0999 -45.1287 -78.3117 16.0315 
41.2891 -53.7656 -38.9567 53.922 67.7951 31.4263 -18.0964 54.6361 69.3069 41.2556 -17.9435 22.8169 84.182 47.4651 -53.8636 -85.1693 -41.204 84.235 -62.8927 -37.7947 -14.7427 20.052 14.753 -46.6807 36.6375 -33.1009 72.8149 -0.502477 -45.1275 -57.7502 -7.8915 -32.4084 -88.139 47.1294 -96.5036 63.4108 -55.1895 29.4211 79.8123 5.96489 51.9482 94.2138 50.6657 -61.4104 75.813 -10.2017 -60.4945 
68.3937 92.1614 -43.7406 51.4753 -55.3066 62.811 64.4077 -99.3963 46.7985 -57.2032 -13.6748 -32.5728 -50.2416 -11.0604 -91.3865 66.362 -53.8119 -15.9117 -28.4581 -94.9605 -1.77026 47.1768 -99.6274 -37.9232 25.3532 -89.3366 -79.7347 98.9413 -93.4556 92.3665 3.13015 8.43858 27.2418 53.1524 -67.5326 -20.0557 -76.2354 -87.8753 79.0724 -30.6054 14.3215 -99.0735 72.0314 32.3074 -8.81347 71.9565 -27.4813 
-78.2651 -1.06235 -54.9967 71.277 -48.1999 -95.1438 -81.3761 -88.6174 6.53674 63.0161 -87.6634 41.476 87.1864 -57.3639 84.5154 50.0498 -12.8434 -59.2228 42.2347 38.8088 60.2321 -78.8314 81.4747 -54.8658 71.2412 -49.4889 40.7461 19.5671 63.8571 45.5605 -64.7266 -59.6647 15.6896 95.341 -3.989 -43.1953 17.3667 82.9663 13.9263 59.6605 -85.4648 -7.3374 80.2995 -6.1909 -50.3952 8.30395 -35.4977 
-10.1573 86.2882 46.2929 45.2788 1.46736 61.9484 -32.4981 3.63664 -78.9464 -51.507 -78.7023 50.8284 73.2483 83.5949 -20.9416 34.0016 65.4213 -64.7886 97.8786 45.3845 -22.3647 -84.2609 26.3159 91.6662 34.1757 -8.63111 -63.0041 90.1816 82.9451 58.3728 71.6376 13.6268 25.4393 -41.8496 34.1824 -96.7187 48.4437 -7.07416 -95.3585 -89.7925 56.6266 -76.5881 -16.4283 89.176 -18.2214 -47.1119 -9.08557 
98.796 65.0788 -20.4884 51.5712 -43.0854 63.0156 -97.0676 -14.3302 -48.1687 28.6376 -88.5971 -51.3085 58.3457 16.9334 -0.326541 -88.1749 44.1358 -9.54403 -6.4852 3.28623 31.7405 62.7588 -12.3538 -30.5735 -48.3889 -72.0721 84.1265 -85.7559 -98.6444 82.8489 41.8754 -0.814401 -87.646 -66.0588 -50.9009 -90.9578 73.0253 -64.5019 -83.2177 -39.5506 73.6123 2.05783 -14.0009 87.0028 55.7658 55.3462 3.3539 
-30.9566 -86.7891 -64.8695 -61.0828 -18.3033 -23.7843 57.212 -37.4676 81.3032 63.4698 -63.4305 -75.7579 -62.638 42.4123 22.8266 46.0971 -46.1587 11.2841 52.2199 60.5105 -0.534602 14.9454 -12.9862 -58.9802 -79.4396 59.1329 46.9911 -19.896 8.55051 -91.4947 48.9773 -38.2099 5.40539 48.4576 26.5383 28.6949 75.7118 87.8744 -94.2117 -16.0919 -57.2567 86.2583 -56.9755 13.0425 5.70787 -67.8648 -3.48615 
8.32716 -45.3563 95.9665 -90.6425 -28.0907 78.9569 29.3221 17.2489 -97.9081 57.749 -11.9609 -26.345 19.6788 -59.054 79.1292 -75.2828 -78.184 -37.6619 16.9246 52.0353 -43.318 -45.7831 -77.3627 -34.2052 -86.5965 -27.3087 22.9669 4.3872 -64.3011 91.7209 -46.3981 -12.3556 -60.9633 -9.62025 -87.5382 -54.3357 -20.9387 82.835 8.60416 10.1798 91.2417 99.8391 -4.62573 55.3264 70.6033 29.5201 -56.0308 
90.9316 87.3911 -18.4448 -0.914048 37.5908 -11.036 -82.6763 59.042 -81.5551 -96.9924 48.7675 35.4597 -28.4134 56.194 53.1375 81.4272 -52.4557 -23.6712 -41.2369 -69.3883 -9.25794 1.80285 -99.5047 24.6585 36.0387 -98.1515 -31.4772 -38.1163 -20.1968 -47.1604 -24.3381 -50.5966 23.2396 -12.2405 73.6448 -52.2314 -52.3395 -69.5755 45.2444 23.0627 14.3308 58.4072 49.0969 -28.5204 57.4111 -92.2458 25.4742 
-55.9065 -21.0025 11.4223 -25.2095 -96.097 97.2117 37.1253 -35.5238 -49.1352 -15.6336 46.0131 -57.1607 -99.7722 -71.229 53.7962 -46.7866 57.3688 -2.1632 43.1721 -5.71432 -40.629 -52.2558 -62.6666 -37.9625 -35.0719 -52.9739 67.394 91.019 -43.6777 -90.9882 -37.9913 80.8515 71.7539 -32.9944 63.0593 37.1539 45.4191 -41.5934 -59.6162 30.46 -57.9941 92.5624 95.7087 -23.1687 4.22629 31.333 14.1019 
10.3019 -55.6512 70.8783 50.7563 61.7341 -34.4719 30.7879 52.23 29.8371 72.127 38.3332 66.078 -26.6918 -9.85969 88.2226 -43.3135 29.5629 63.2314 -70.6474 29.9536 29.4393 -13.1545 -87.6836 -97.8988 14.0792 29.0497 38.8448 64.3339 59.9598 -54.9157 31.5172 -91.2374 -27.8146 -79.4175 29.3327 -5.16923 -79.1876 93.6307 51.2625 -31.1747 47.4084 -7.30319 55.3279 96.0249 90.5635 -98.8232 78.2901 
21.9316 4.78428 9.40834 -74.0358 79.5494 -13.2117 -49.5099 86.7046 44.6448 -54.1031 89.5427 -56.2454 83.6234 58.3859 92.144 64.5002 54.2711 -66.1127 44.543 34.5642 -78.9034 70.5507 -54.9833 95.612 -49.0405 -24.1884 66.0053 -48.5243 52.6536 -50.1047 90.5809 -6.3471 -75.6443 46.1852 35.4043 40.7308 -37.8673 -34.9159 -31.4235 64.754 -78.9583 -52.6181 47.3709 -36.8939 -75.7317 -22.998 72.431 
