76 76
-44.3314 -78.4702 -49.0695 88.7532 74.8358 -34.5404 78.9937 46.4094 3.53817 66.052 -63.5692 -7.03919 92.4113 -44.0577 -76.9502 98.6995 42.422 -13.1797 88.9098 -92.2374 -33.8516 56.9127 -68.6992 -27.6464 -53.7774 -36.0983 95.9614 23.0922 -90.2068 94.8536 4.10803 43.6512 46.3565 -86.8287 69.5839 96.9513 60.7025 27.6471 64.1097 92.2862 54.185 86.812 49.5136 -24.9358 -95.8057 -6.45203 -39.2415 68.3899 29.8588 36.5431 -20.2526 14.4533 -84.0591 17.909 -2.76811 76.3334 -64.1715 70.0578 60.7892 83.7869 6.20538 93.8704 79.6701 14.8291 32.3014 89.3608 86.4101 93.9137 8.32852 -22.4814 -45.3863 -7.40676 -85.4852 51.0385 3.23194 -80.7468 
87.8863 -94.716 -91.5646 73.5271 -30.149 86.4596 -73.5061 -17.6159 -70.4589 -2.24209 -82.8167 99.2993 -76.8262 -17.777 21.921 26.7266 -6.80971 -50.7211 -69.602 -0.630092 10.0419 -25.3589 -6.52863 73.3677 91.4671 87.9896 41.7425 -34.2035 -57.9426 -41.1587 45.1725 14.2502 -96.8915 -54.9061 -6.64919 47.1458 -20.9622 88.0104 -9.73208 32.8857 -90.6135 58.2461 -57.6576 -51.4724 -96.6333 84.4384 -43.2452 -21.8736 -29.747 41.7746 -94.7459 5.0261 73.6106 -26.8043 -99.056 -34.3044 45.8093 -83.6719 -74.3334 77.9078 -4.09199 25.8451 -21.5444 -97.2647 72.5188 23.2086 67.5032 -74.5145 35.0968 71.8709 -65.129 -22.8749 -58.3913 18.05 -34.3116 -74.2222 
-52.4211 -42.0389 52.5645 51.3413 92.5962 64.5856 90.3457 39.4017 25.2022 -27.1589 -59.5296 85.7765 46.3262 4.46666 71.2 57.735 -47.4923 -3.46405 -20.2506 48.6858 62.2262 35.5883 -67.0911 0.229863 63.3095 43.2091 15.0608 -73.734 -47.0678 -68.0427 6.88149 57.253 50.7128 -69.4475 -4.94429 -98.6803 80.195 37.575 -77.4394 76.2455 58.3587 34.8743 -67.5401 53.2322 74.3595 -40.2838 -50.0235 54.714 -22.4889 29.7722 -19.2806 -48.2216 -60.6759 19.9211 13.6884 60.3952 62.6394 -20.2527 13.2668 -25.1878 68.1422 65.8719 -91.1798 -58.3841 -61.9061 -55.1019 -97.5482 -93.2376 -45.0446 -63.8519 40.4826 -8.83057 -15.4231 -16.1392 -52.3329 41.2835 
51.7059 21.3305 -98.2805 -0.228347 -37.8206 -50.9407 40.3526 5.48363 -36.5934 -25.6793 8.02459 69.3569 81.8217 -22.729 -5.48974 -66.0791 7.74421 -43.1254 -8.7076 51.3441 -59.0446 36.5785 -24.3685 38.5669 -6.03786 -78.3466 29.154 -9.13793 18.8179 71.8707 -69.4632 -68.502 87.3813 17.6069 -80.8076 66.1804 94.2704 2.68092 58.2149 18.4155 -90.8543 11.7988 -98.263 93.3669 18.1487 24.874 57.9415 22.521 -89.2612 -12.7645 67.4673 -76.9931 -22.7571 -79.1948 -27.4745 35.5288 -67.9303 95.267 -47.5349 80.8787 -72.3664 -62.0653 68.5929 40.4183 -89.2155 -44.1571 51.6426 -42.8741 14.2087 5.9966 -15.0791 -35.0288 70.8651 29.1136 -88.4261 22.8035 
59.0518 84.0665 -94.3197 -31.4042 -10.4485 -8.13527 70.4951 11.3058 16.5656 18.0846 -52.6073 29.7269 19.8774 79.3965 16.8058 55.6161 -59.8501 99.3045 10.8651 10.524 77.3141 17.9947 36.9786 99.378 46.5048 6.97653 54.5508 34.663 -19.1512 -73.9498 -74.2158 54.6592 57.9785 44.5828 -97.5538 13.9385 64.173 -45.2153 66.4579 -41.3732 41.0434 15.8946 -59.4208 -85.8083 20.0829 -66.7094 15.7802 18.3806 -76.8803 72.6831 -15.8205 -94.6713 59.8388 -88.6635 32.3507 -81.2945 82.744 78.6961 45.5082 56.1327 21.6705 16.4843 50.8319 -67.4279 -59.971 67.4006 2.00161 41.0808 45.8438 96.0695 39.9384 44.3915 87.8903 -27.9367 67.7665 -48.5007 
47.9667 -23.8105 17.6471 -4.72359 10.6243 -37.7296 77.7872 -30.8743 95.3101 77.1352 11.9113 -6.52627 -86.9401 -1.48653 15.9417 -68.2485 -51.8822 15.4668 -49.6831 -24.5294 -66.098 91.5996 -85.7699 65.4234 -29.0049 -85.0465 24.0387 17.7684 34.102 -48.4924 -10.9395 -60.5658 70.3957 -60.1453 -61.6197 -41.5185 -1.87171 -57.7586 50.9145 -79.3367 -12.6357 31.8294 -43.6803 64.5221 22.2983 -33.163 29.2139 -1.6322 -32.3313 7.32856 -28.9504 30.058 -14.8525 -25.4497 67.6972 -13.0441 -32.9108 68.8208 70.5073 15.5443 52.9925 45.6936 -27.0346 30.1078 22.5957 -34.8899 6.23017 -89.5179 72.9009 46.2191 4.39391 48.3892 78.0248 -36.4848 -0.836084 -52.0652 
-60.0881 98.4818 -17.0505 32.1496 -61.0949 -21.6825 -17.3621 -4.93266 96.7441 -21.2351 -97.5298 16.3547 74.1637 69.2413 -61.0588 -15.5599 84.486 -44.0289 6.59111 -23.213 59.4064 43.111 -33.2008 -5.45297 -48.1012 -36.9662 -91.2796 64.3592 85.1774 -22.733 -73.4805 12.5401 -37.9318 79.7185 29.1941 65.3088 45.5564 67.2372 56.0354 -12.4973 -41.9858 -56.1373 -99.1938 49.1091 -23.7904 -45.5889 -12.6225 54.2751 2.25694 -67.6473 51.5379 -3.08094 18.5832 -71.3234 67.9703 -22.6469 -26.6463 -43.7943 -51.0757 -29.8032 96.9659 -94.3759 23.8043 79.3046 72.9747 85.2194 83.1726 82.5513 39.0598 77.6371 46.9107 28.1723 92.104 -8.21384 -50.0012 29.5391 
64.1836 -66.7741 -71.9724 -40.0271 64.0512 -91.0924 10.0275 -68.5586 -64.3725 91.3437 13.8077 65.7474 16.4028 82.5744 28.2996 30.6077 24.2469 -82.7066 -49.0037 -4.45732 85.7594 -41.0863 63.35 -76.4102 -26.2497 21.5878 26.9609 -67.9186 92.3694 52.7368 -52.4451 -43.984 -38.8514 24.325 30.8509 -88.64 28.2461 -68.5889 26.8462 3.88943 -30.3408 62.7812 -35.8272 52.4141 -76.3381 -14.2253 -84.0816 40.6984 17.8416 64.3775 -8.03984 74.4093 -2.69795 55.6014 91.9006 -26.7203 -87.7128 11.7995 -86.3497 -79.8119 0.570126 -17.8951 36.2303 -77.8056 -77.9464 -44.8925 92.4563 -87.4669 -55.8948 -23.5933 67.9753 61.1954 -88.6294 4.90129 -23.9425 -0.94229 
-37.0628 85.1887 -34.2568 45.8411 51.0303 66.2752 86.8833 48.1111 3.16543 1.44102 19.1419 -82.7059 -38.7668 46.9696 17.5209 73.2863 -77.1035 -77.7945 -91.8917 -23.3625 -53.3403 -89.6107 -86.9132 49.3515 50.2277 -23.6634 88.9672 72.1779 94.2453 -19.4124 -64.0828 -38.9422 98.5008 -97.4028 -48.8919 73.7163 -49.5344 75.2552 13.739 -88.2226 43.0772 -2.00408 -82.5121 19.4134 80.4759 -42.0068 -7.59291 -14.0309 -16.8526 -41.8047 -10.8125 74.7808 40.5126 95.9624 40.3743 -28.463 22.5261 -4.67066 -99.7351 -47.9683 -2.9072 -61.3483 -80.7253 49.5554 76.9346 39.3425 29.9635 -3.68056 -59.2055 -66.5195 7.13413 -96.6709 51.988 -38.2126 -39.0813 -38.6378 
14.7658 -30.3849 -79.8191 80.0675 94.7808 -18.9156 86.1132 -95.1008 40.5156 -53.4996 32.4875 17.3446 -90.1121 86.4882 7.31469 -62.0635 98.1155 27.2628 5.18093 75.8705 -43.7844 -85.0315 75.91 19.4816 26.823 13.5133 -82.5982 -28.4477 79.0525 35.7189 -72.9685 19.1358 15.3869 7.69382 -89.9307 -65.8469 -88.912 55.3314 -45.7422 10.63 58.1371 -89.5383 -70.1617 -7.49393 49.5797 86.7765 52.3867 62.7498 36.0478 56.1626 -74.6009 -16.8575 76.1844 31.0131 37.7306 -62.4898 -65.365 10.8526 0.412622 -65.0691 -15.8481 40.3469 -89.5379 -63.1868 18.9829 45.0429 35.7741 54.5487 -0.823335 -37.7902 60.3983 -85.644 -18.5486 53.2358 -65.1161 -5.95299 
-51.8249 -20.3558 79.6649 -71.2563 -4.44552 84.1798 10.149 -26.0374 -11.3456 -85.033 50.047 -60.2931 53.4752 -41.7127 -65.211 -0.974867 15.4138 59.3755 -75.8712 32.9919 94.4216 -55.6493 -98.0135 87.1566 41.7688 8.07247 74.0032 -28.7962 22.7776 23.6036 -94.3129 83.4008 -82.6342 -33.664 9.28029 -26.0886 -71.1302 -84.4402 13.9245 28.7041 29.968 71.3712 -64.4323 86.2782 78.4392 -71.971 -16.9988 -99.1609 2.00763 -57.8244 -54.2392 1.13735 -84.5775 -94.6494 27.4919 56.7799 99.0872 -40.9673 63.0421 -50.7751 22.8084 -59.1548 -14.5096 -63.0975 -78.8755 -60.0503 -65.679 -66.2208 26.4618 -56.697 93.54 -72.3954 50.2314 38.7096 -7.47639 -55.6463 
-47.6633 -77.6371 -46.9514 87.8312 -21.2517 23.2332 79.6116 31.8731 91.1844 -63.3224 -60.3689 -20.3759 -58.262 -9.87273 68.9527 88.7836 -13.628 -45.7847 96.2155 94.222 -10.1642 -30.1541 0.773379 -1.82584 -86.9254 44.4368 48.9358 64.4277 36.0231 40.7076 -26.5467 30.2191 92.5814 14.9823 8.28352 21.1031 80.0048 40.4452 -37.2755 -89.3505 85.457 75.9139 84.5469 -20.6215 13.9199 -48.8615 -14.7428 18.144 -54.1598 -63.2583 17.7354 78.2466 90.5652 -69.9799 47.6545 -70.214 -86.0195 69.7851 78.1494 57.778 74.8158 29.4641 3.90333 3.20123 2.99454 -70.7708 -44.1893 -88.8668 15.4784 -53.9159 35.3956 94.3104 74.2695 47.3533 66.7184 -64.3838 
-98.7917 8.47498 38.9289 78.3679 -71.2447 -9.96494 -80.7075 -50.9577 -45.4492 -65.1562 -80.6283 80.5331 -79.3978 -38.4176 -84.0643 -68.6866 -15.7788 5.68546 -44.4212 13.6827 -35.0239 -46.0737 39.6591 -49.1416 76.6536 -82.2575 97.911 -9.80783 -40.1641 -37.6934 87.5693 -21.9565 -22.7374 51.7839 -68.1064 -64.2745 -62.1212 -71.7094 -19.7533 7.10729 52.2829 -81.2032 18.1008 19.9758 -66.9574 46.5231 -86.8888 60.3642 -58.6751 47.6791 -57.2446 89.5247 42.4582 -5.52943 66.9342 -37.1747 4.50117 51.0995 29.0702 -17.7811 -46.7491 87.8658 -39.0277 61.2914 -75.8965 7.67723 31.1703 79.8424 -89.0527 90.9602 -32.4612 24.8578 -14.3974 23.1843 58.9792 63.4049 
46.2467 68.8247 -62.4943 57.9335 87.9137 -33.987 -19.822 52.1183 -47.2628 54.4054 -8.95802 42.4871 80.7855 -37.9862 -33.6642 6.39863 -58.3022 -85.0098 40.5812 49.0277 7.9317 -91.8597 -86.6176 18.6311 -67.646 72.9743 78.9208 21.5607 -28.612 -82.5664 -93.4356 28.5575 -33.3348 -58.2201 94.0387 -90.8439 -12.9328 37.8873 -27.6846 -95.6069 -65.951 -38.6644 -32.1167 14.5272 -41.4743 -59.0053 98.6315 99.1288 57.3452 1.11189 87.4609 -43.9806 17.2637 -49.734 -78.9889 32.8059 -30.6617 68.7771 -63.2556 63.9094 -75.1109 10.8451 74.0684 67.8018 -54.8065 67.8072 35.8417 -8.9154 -41.0745 60.3726 82.1761 -66.7477 -28.2611 15.949 54.4299 2.94692 
-71.1078 91.1348 -98.083 -80.8523 -84.0413 -81.333 36.5849 82.139 -89.9818 75.6708 -0.431253 -48.0655 -37.363 39.591 6.0296 -60.5355 -19.8197 90.4534 51.1311 -39.6055 -48.8818 42.9694 -13.328 -4.04703 -18.508 -63.9463 54.4407 -15.1338 45.8549 83.486 -50.9565 -26.079 90.8694 42.5442 39.6097 -80.4852 85.5686 -48.6392 -78.5124 42.8256 -29.3971 -76.7794 -30.7964 4.20776 -80.1001 -42.7941 -41.1631 -28.6208 -29.2466 51.6466 24.73 37.6227 -75.2303 4.76042 8.36796 40.3166 0.508419 -55.0018 -14.8428 -63.713 -24.9881 24.3022 47.2555 23.4422 -6.53176 20.7651 -0.314542 -86.5019 -37.5242 -69.3596 73.5743 -37.4332 59.6375 -72.7527 45.2163 -49.0693 
92.0309 -37.1385 12.9685 -38.3311 -30.6715 -96.3546 -31.6627 44.9743 82.2956 -58.2039 -33.3876 54.6265 -93.0136 -78.7781 -23.4469 -72.6492 -14.8753 -9.85117 31.3872 -75.1701 15.4797 -33.3654 27.3197 -37.2346 -2.2141 -12.4347 9.74983 65.3694 64.1819 -95.0226 -44.4649 78.1229 12.2651 -61.1591 98.7403 -71.3964 41.3184 38.8965 -66.7309 53.3489 34.9495 -3.74584 43.7238 66.1822 -75.6309 70.7066 -34.837 95.0928 25.3873 85.0375 25.922 71.2951 56.2662 66.8132 -69.7689 -5.99528 37.2669 -55.3418 70.2234 44.0104 83.5441 -73.5103 -87.5649 97.4058 99.6303 85.7642 38.8382 -46.4499 -83.7389 0.627546 -52.8303 81.9635 -38.8889 -5.36898 -36.5075 18.3469 
-44.0682 -54.9766 8.6326 88.158 72.2694 32.5604 43.1512 42.2634 -78.8019 -24.0428 -86.9504 24.466 -0.313724 -72.7666 11.294 17.9809 4.55578 -30.9316 -66.9905 90.5487 52.7944 -83.8771 78.0632 9.00748 -11.2985 -94.1487 43.3824 -71.1851 -7.8234 -87.8567 -7.38762 36.2631 74.7392 -57.4884 -6.90336 -24.7699 92.6013 -49.7563 -54.8707 -11.4679 59.166 3.70113 4.97291 -20.3079 84.8794 -32.2307 98.0075 11.2727 60.8167 -53.9439 -35.4153 -24.411 -75.0978 31.3672 -11.9826 7.84425 38.2307 -56.2977 5.04301 -42.1732 -5.72027 59.3406 -63.0336 -5.41066 62.9714 -39.6867 -14.1262 -19.2548 -14.7002 -66.9 12.1702 -54.7441 -83.6831 -62.5279 93.9465 -40.7906 
33.0428 -49.0887 -33.651 28.2684 -93.5461 -29.7309 -86.8289 67.4411 81.9049 -24.0347 49.2409 -7.55987 -58.739 -26.6309 13.6525 58.1577 56.1493 -98.6745 -22.6547 42.4468 2.54609 -7.93689 4.63016 19.046 -93.3101 -63.2643 -83.4956 89.5721 37.9648 74.0237 -83.4545 -19.7054 10.6876 26.2183 50.8585 -20.9538 28.8443 -13.542 -0.462499 26.7804 98.1299 69.1085 -93.0125 -61.8262 87.4022 -31.5213 21.3104 -36.0149 96.9848 23.4686 36.4564 -77.3504 -27.8677 28.2652 53.6478 58.505 92.9412 63.2709 -5.19935 14.5433 29.8064 -43.5775 -7.44848 13.4616 48.4353 52.0121 -33.234 36.3813 61.0013 49.3023 23.4218 50.8611 22.5514 21.101 45.323 -56.1092 
-26.7003 48.4549 -19.2789 -19.8244 11.0346 58.2721 -20.173 -46.9605 -65.849 76.4328 6.00547 -66.1089 -92.1542 -35.1901 -40.8154 16.2777 -20.4602 -74.9053 66.6333 -94.8125 87.0543 -78.5047 -29.1428 -2.72085 70.6864 26.7117 -56.5554 73.229 -39.9175 -93.2599 -18.7177 11.8381 -37.8677 -42.8393 -0.280245 89.9258 -16.3519 -26.1693 -26.9093 -64.8634 41.6289 57.3207 -10.6569 89.8134 93.2027 57.8728 67.6041 21.3408 74.413 59.9897 46.9768 -60.5897 69.1064 71.3055 31.0901 -68.3828 90.7972 28.9216 85.2628 11.1706 -56.5486 -11.7171 70.7984 -90.5394 -94.8583 -83.5582 37.3386 -49.3453 54.1495 90.5288 -83.0272 -38.8285 9.29318 -9.50322 79.3114 -13.8748 
5.9453 -77.3212 62.6986 -25.3286 -98.0306 -0.845915 -17.2971 87.821 7.79851 69.6343 -56.3201 28.7715 -37.0289 54.9624 -46.512 73.3865 6.20457 80.1398 -90.2255 -19.1482 -23.4901 2.51945 -55.5864 -41.1609 8.06925 19.9042 -70.6029 -23.4515 50.4317 5.43523 -50.0788 -73.8394 -18.1329 40.8046 2.7375 9.10941 -98.1705 49.066 52.4473 81.7619 -28.2452 82.5652 73.3359 -43.9051 87.7464 -47.0487 53.1421 -40.1385 -7.05053 -98.2532 58.6552 17.3116 -44.0844 73.5376 -53.0852 -2.62145 -58.6968 82.9687 55.5203 -69.6106 54.5805 -65.3463 -74.9405 74.3008 -27.0778 -97.2718 -46.8193 -91.2925 46.4293 -63.4561 93.7073 -61.594 -10.8459 -87.8506 94.1533 33.8341 
49.3105 -38.9468 21.7883 -4.49462 58.861 76.8532 72.5579 81.1026 91.8198 15.5956 -84.4336 -74.8315 -93.1752 4.01763 -75.6537 89.0803 -27.8473 -29.3859 -88.8855 -97.8863 25.662 -99.4629 -73.5118 87.1904 9.11639 19.103 63.8987 -55.1628 78.7987 -30.8529 54.5968 8.68308 -63.4416 -63.19 -34.8187 1.67207 -97.4528 -89.9182 -55.9202 -50.8207 56.8886 -73.2536 26.2391 0.391992 -11.7976 -81.8611 -40.0002 -82.8724 -36.999 -42.2654 46.2286 -36.2315 57.5994 73.685 23.0716 -35.3669 -10.9867 -52.9325 -36.1969 39.0987 -68.656 98.5107 69.435 -5.24694 14.6117 -21.2121 87.562 54.2977 -19.3209 73.7925 31.1977 -60.1722 86.6001 87.0458 -21.3375 -20.084 
49.028 14.0488 -81.9245 94.5023 99.5742 -56.7733 11.4743 48.9928 22.2234 -90.5412 73.4011 51.7882 4.39395 49.1797 -36.6586 79.6527 -77.1728 -42.5742 54.7897 49.988 -51.7141 41.0866 -57.1124 -87.9726 43.6915 -77.4327 -11.4727 -21.6099 2.18971 2.44253 51.6805 -5.77795 90.0072 -49.4765 48.5299 42.612 -19.3229 39.643 79.2129 -68.435 12.6144 10.4821 -27.8512 -94.5623 90.7224 -27.8884 79.0933 -78.4627 78.1763 -90.9645 -40.4727 -25.5055 -71.6002 16.2363 83.1354 55.9377 -55.0252 -9.12124 99.2883 -61.0307 56.2261 -7.18428 53.7616 -29.6163 38.2858 69.4929 -32.1522 18.1156 68.7651 -64.8253 81.8682 -41.3051 -15.0326 -52.6846 -69.8339 -98.306 
-28.7487 21.0501 -11.3889 -13.7807 -12.1733 3.49388 -78.3687 56.636 81.5296 67.8131 -65.3786 -17.8761 -44.061 67.1477 -49.4137 -95.2734 -59.342 39.0865 -73.9135 -64.1363 62.013 52.9332 47.9364 67.5835 76.6393 76.6872 81.4211 44.0264 -47.6874 -81.7126 57.0468 -14.9537 72.4371 50.7656 16.8215 -81.6621 -94.1475 63.2442 -54.5863 -32.6367 74.4481 49.3075 -89.1138 64.5663 -34.6099 -88.4846 38.8614 -55.8264 -74.8873 -31.0153 -74.3658 -65.8965 76.8518 47.8798 -83.8509 -82.8821 -0.000362145 -6.08657 -96.9378 -34.2591 7.7924 -33.0805 15.4408 -86.598 -53.0903 -88.8148 89.3348 50.4343 49.8874 58.2503 13.2696 22.8864 52.1596 47.124 13.1206 -82.3516 
-83.2081 -78.8423 96.8616 -47.1351 -0.46195 36.0093 7.48967 78.9045 -52.777 -22.6998 84.0747 43.4901 -61.4155 -9.69317 86.8477 49.1184 -67.7577 -3.01425 -60.4349 70.2253 76.1158 77.8587 -29.3576 -12.9937 15.1671 -85.9956 72.1888 77.6797 -36.7339 13.4588 2.84983 97.0112 68.0064 -17.1771 -95.0497 99.6256 7.35024 -64.5688 -7.29405 8.85935 99.1225 -48.7099 -67.4552 79.7399 -11.9183 88.4295 34.3321 19.4167 -62.9723 23.7428 45.3442 -99.9076 52.6515 -86.5161 -75.8246 15.4519 -99.5181 -0.110092 -50.3141 -29.6417 11.924 6.48559 3.3474 59.6887 -11.6877 -35.7944 4.08391 38.1952 -52.9112 -78.3925 57.3894 -55.657 -26.488 15.4416 -72.9582 -9.03313 
-19.8593 24.7847 -42.8243 51.9574 47.6075 -61.3018 -99.3375 34.9387 14.5447 51.9738 -75.9464 -30.9339 94.0952 58.3585 32.0114 15.937 52.8054 -99.8588 73.4607 54.7061 45.7933 48.7977 -56.8531 70.0581 66.7184 -63.1848 52.7975 -32.7897 -95.8709 98.3086 73.3026 -2.72973 -78.6329 17.2517 -50.4976 87.362 93.9599 -15.5758 17.0496 -48.0951 66.0053 -48.601 -36.4167 -55.0368 -4.19037 -27.466 -21.4443 -14.852 -17.4699 -16.374 2.14237 6.76375 78.296 -78.7064 -17.765 23.4579 56.309 -14.1579 48.8261 19.5286 17.377 55.9541 19.9652 -44.7819 -49.8689 53.4646 -21.0132 30.3702 32.2147 32.6214 68.5198 12.9619 50.2433 39.5311 -0.447749 74.6791 
-68.7382 -83.432 -41.8139 33.8654 -24.1627 97.2884 -74.5557 -58.2193 -92.4749 -24.9273 46.1584 -16.2053 36.8189 14.8629 1.33165 -18.9843 -68.5502 77.3255 9.3056 -0.71291 18.1159 73.7896 -17.5653 -19.515 12.0796 21.5338 -80.887 -67.1903 -67.1578 79.5439 93.8893 -3.05518 51.5302 67.5789 -1.21116 44.001 -75.8399 -40.5658 10.0486 87.4692 94.8404 -18.0654 -24.771 73.5911 44.9563 -20.1983 -72.6383 -32.4536 -48.1625 -66.3999 17.2948 73.9096 -1.27498 -28.5388 -51.095 45.991 -29.6004 -93.7268 -66.1806 -96.9517 -67.5271 71.4017 48.0493 -35.2012 -27.216 -19.2225 -72.4189 54.9027 -50.6602 -45.7532 25.4299 0.533609 -31.6406 16.5765 1.70685 86.9782 
41.7962 69.2726 64.3207 37.2355 16.4017 64.1371 -48.4218 -24.4103 -63.7339 24.2356 -73.0548 -32.1642 16.2594 72.4409 -86.1742 69.3956 -67.339 33.4255 -18.0171 -12.8384 24.654 -40.9822 12.1679 -94.574 94.2054 -89.1336 -68.3049 0.184801 -94.0482 -68.5495 88.032 -47.0002 67.3679 51.4964 99.3704 -81.3984 -62.48 99.0123 99.017 -21.0053 -36.3483 94.4392 40.1374 -11.4635 -67.5384 81.3947 -0.0636694 -70.0924 -43.3888 -35.6589 80.2472 -84.8809 7.51663 -68.0349 -61.7592 13.7967 81.5616 6.09668 66.9219 -43.9051 86.4425 38.7558 -30.7045 -51.2504 33.9277 23.1464 21.0221 -81.5502 -14.8656 -46.2988 55.4687 62.611 -97.5235 -76.7449 -51.1881 82.3372 
41.0931 52.1359 48.012 -61.616 19.7588 86.3943 29.672 97.9874 75.0253 -49.7904 -27.6435 -4.49315 83.6612 93.7963 34.7029 51.6407 -75.3583 53.4653 -9.4537 -88.3167 61.2756 58.8663 -34.2705 15.6801 -64.8585 -77.2821 -79.6563 16.0864 -36.1698 94.5495 94.0023 96.8727 -61.3278 64.4739 13.0845 -87.9983 12.4413 -98.9425 72.9426 -52.9092 -44.6796 69.5656 -10.1711 54.8202 -36.4065 -84.3672 40.3557 57.7951 -38.0175 40.2943 25.5064 85.5718 5.02311 23.4858 -73.7222 -48.9025 95.0607 84.7605 -29.6767 23.7176 20.9421 -25.8528 91.7237 1.05008 48.6388 71.8631 2.66955 67.1153 7.62728 -8.24846 -31.9325 -89.0058 79.3307 -89.0633 -86.4636 5.88161 
52.2037 -12.8881 -10.0878 54.2251 -38.0447 -16.8847 19.3044 49.5547 65.8368 -81.2411 -18.3834 30.4324 76.8519 49.3543 97.8683 73.1606 9.68449 -32.739 -45.0271 28.9466 -94.0949 -53.6377 -88.4176 -34.8066 4.95419 65.0564 2.72045 -77.3936 45.4039 -97.2057 63.6079 58.395 45.2372 -98.5184 1.09959 80.8479 11.0275 -61.0002 -29.7567 79.0503 -2.12945 10.2881 -88.2023 -16.6511 -54.6663 23.4442 26.3891 -78.6828 -22.0873 -20.587 -5.41676 -39.4382 -37.9521 -60.8882 52.039 19.4448 8.35509 23.9582 64.6628 -13.0128 93.9902 92.5622 92.0977 85.2959 -32.0694 10.1622 -4.70146 -17.4667 37.9629 42.6979 23.3947 -5.56806 17.6695 -27.9262 44.8193 78.2653 
4.92858 34.664 -2.24779 21.365 82.1591 47.2142 -71.3421 -47.3666 -90.5917 25.954 8.55028 -95.4986 -45.7551 -5.89278 -40.0021 84.7389 7.01854 -39.3307 -31.4774 -40.1668 -83.0973 -15.7548 9.32733 -35.6128 55.9328 62.07 11.089 -27.8897 58.1218 52.8802 -41.8451 -89.858 -43.5621 51.4588 67.6462 -69.659 40.4863 52.8537 -87.1921 -37.2318 44.5469 99.5419 0.428879 8.17766 41.872 -57.6761 37.708 -40.9667 72.4307 -58.0444 46.9529 -62.4565 93.0684 0.342467 -44.1539 -93.936 18.2895 -8.62286 75.5539 35.1829 -80.4308 0.308372 -17.1912 67.0615 -96.6752 -20.9021 97.7513 -93.689 -30.7764 -59.6231 -84.8709 -25.1478 -58.5866 -64.3653 12.2674 -22.1353 
-27.5404 -72.1388 -37.3938 -77.1043 -92.4361 27.2143 -9.79925 -96.0071 9.44156 84.241 38.2835 30.1153 -51.3795 65.4975 16.4913 -29.9036 10.6181 58.4129 -54.969 -64.6209 -83.6705 -50.6587 -20.2831 -97.9924 42.4942 -0.65126 54.274 -17.5172 -11.0228 -60.8692 -28.5043 -71.1188 -93.6036 5.043 -42.2406 63.0547 -38.8652 -7.42472 12.7911 -20.0776 -44.2704 -52.3628 -61.2038 -53.0591 34.9822 -54.8106 -1.04605 18.9967 77.7021 -61.4751 -12.6753 -33.1616 53.5367 -8.49421 37.889 0.208548 -94.93 -88.5827 -9.5942 -49.6826 -14.9327 25.5379 14.8457 -88.9781 -55.3901 58.7494 1.06194 47.9545 -28.9787 -45.469 1.75507 97.4159 69.1416 62.7176 94.5116 56.7574 
-78.1438 37.6442 86.5123 12.8662 41.9651 -91.9358 34.9888 57.5495 34.3632 -57.6347 -65.814 64.6455 96.7792 -32.4244 42.7309 -21.7142 49.9189 -13.8658 -41.8428 -51.4947 -71.6322 77.6271 78.8629 48.7853 -65.3742 56.1535 -28.1229 -62.1097 -77.8158 -49.9747 75.6015 34.1112 -92.5566 0.566557 -77.8843 -0.915845 7.39982 -31.2076 94.2328 -29.7069 -84.4502 46.0504 -30.544 46.9279 -82.2285 -15.1213 55.5233 -19.1697 15.6251 10.9553 -74.8403 -40.8541 -35.122 -94.7203 36.281 -25.9569 -57.8564 7.43334 -67.7747 -89.9383 6.4064 72.3872 11.8993 -8.38555 64.1206 74.9224 20.0091 92.6108 -91.0078 31.3165 -64.2336 26.712 -52.2086 -70.6834 23.2785 41.0234 
80.206 21.7701 90.7121 -1.37556 80.9436 18.3602 -19.298 57.6838 91.2439 -63.5132 -65.779 52.8081 -54.289 -34.614 42.2551 -17.9485 -60.6857 54.9052 -7.95952 24.4189 8.06781 -4.34662 -53.5933 57.8971 77.1329 -27.1266 82.9865 -46.2872 51.6554 -27.0385 -36.6699 89.5721 38.259 19.8445 -72.6944 25.5395 42.7357 59.0837 19.7361 -95.6405 -29.6108 -69.0891 19.2156 -43.164 -57.5731 -30.9801 -82.8551 54.9011 -77.381 57.9305 37.7389 77.2532 -5.54256 46.1226 -18.0218 -92.9382 -11.9926 40.7873 -88.4723 45.8579 -65.483 28.0373 22.8639 73.1896 98.039 -58.9118 69.2304 -44.9315 35.6454 93.0463 29.7717 -26.8847 -50.3366 -6.80696 -4.54709 -22.9595 
-80.3502 -45.9098 -5.21159 8.87887 27.1945 57.5237 0.924787 -57.1101 -48.6467 -5.23067 88.1903 13.7102 27.2046 28.3092 -7.76991 11.1098 -77.1979 -65.1293 -28.2375 11.9163 77.2832 98.6181 73.6667 -83.2556 -77.0099 94.4605 -2.55602 41.0239 88.9621 -13.7525 61.9466 -63.608 -59.0712 -10.1021 14.2186 -28.471 88.0628 70.8988 -3.65468 -24.1548 29.7403 44.6632 55.1324 10.6278 21.2452 67.636 -42.5295 7.51421 91.376 -43.036 93.4748 30.2474 -31.35 -99.2103 -26.6937 -41.7521 71.7359 64.9985 30.2753 36.7389 70.6684 -76.8575 55.7181 53.9917 38.7655 -68.8646 -7.63698 45.2643 -42.5056 8.1711 -68.328 11.3442 61.4083 89.9857 -9.93245 65.2365 
30.5298 -84.9889 -7.90364 -36.4481 16.4938 11.8955 -72.363 -4.68236 -96.3445 -61.3593 -66.4482 5.22761 60.3968 88.2519 50.3128 7.2442 -46.7661 2.20335 31.7051 67.0313 -5.7117 3.51168 20.8694 -48.6494 -51.2184 -27.8529 76.837 -0.970547 88.0221 -11.9488 -23.0551 -86.2742 -10.81 -83.6941 -46.291 -13.3191 -53.7557 -72.0547 -23.8231 4.65405 20.6797 -37.0982 90.6601 -76.0255 38.6616 -14.5112 -90.3614 96.0858 -86.7507 -19.2785 -14.1691 60.2403 58.678 0.412367 -69.3548 -45.9409 70.8725 -46.3501 -6.52603 -83.0676 83.411 89.4551 71.8368 -38.6532 -43.5278 27.993 77.7325 49.7636 -22.3555 71.058 72.6443 -67.3516 21.2338 76.8557 -86.5759 -81.1828 
-39.4298 -96.8755 12.9733 42.4558 -45.0072 -35.9768 -61.5409 81.5057 66.6005 -44.8575 79.7658 23.8461 -19.0645 -16.9334 0.112099 84.0395 52.2784 42.5304 8.66289 -2.76794 79.237 -63.6521 -0.367705 19.9881 -59.568 40.0635 -52.577 -61.52 33.7956 3.36578 -31.3685 -10.1159 -17.9428 34.5815 11.7852 73.3854 -10.9853 -29.4581 98.2449 1.70206 6.54969 80.5626 15.6185 -99.6251 1.44347 60.4275 5.43407 -69.5711 -81.8545 71.2517 -73.214 92.656 69.3599 -67.4916 68.6022 -3.18108 -64.3648 21.4806 24.1489 71.0449 50.7965 -63.8019 81.6498 88.4862 -13.241 57.9297 24.47 68.0872 -58.8058 50.6889 -71.5961 83.6573 28.5651 93.5463 32.4012 -32.4778 
-54.9051 9.52009 4.21608 59.6334 59.1829 87.3804 2.56462 -96.4364 -7.24884 -31.2832 24.0506 18.6588 -1.33687 -68.8401 4.10674 21.991 2.374 99.8816 -90.5212 10.3451 69.2585 26.9672 38.1193 71.5534 -1.87383 -93.5376 -87.2377 -4.62769 22.4212 33.1268 -37.4966 -4.64542 -75.6414 95.3881 -12.8292 -19.7296 3.78212 -33.8477 -78.8109 24.8473 7.74368 -51.9739 74.6691 -36.0331 -8.8838 89.9399 20.3754 49.9238 69.5132 -90.863 65.3658 3.41326 -33.3324 -17.5496 43.3086 87.7734 8.34272 16.1133 15.623 -23.5543 -77.5633 -6.9618 -7.01366 -78.5769 -42.3552 -64.4877 -43.939 -82.1386 97.3699 96.0012 91.8554 13.7901 -30.3649 57.8809 4.08811 -91.1718 
75.6268 59.6403 -25.1699 -31.3393 80.1686 -6.89706 81.1115 41.0295 -16.4734 -68.9659 89.9336 -85.794 60.905 29.9545 44.9074 -41.87 90.6752 -21.7781 -24.7528 -20.0144 17.8243 -27.4397 21.3763 72.1238 -14.9769 83.2803 92.0955 48.9017 90.9082 94.2929 -19.5449 -91.6741 33.9547 75.8236 -33.3117 -69.7145 -91.2352 10.7131 54.8059 -76.7872 37.7002 27.3687 -14.0868 42.4992 84.0535 87.755 98.885 -40.645 78.9413 -33.2306 92.7625 59.2271 30.0434 -61.0278 -93.9606 4.52969 -69.4837 -13.2567 -4.80152 -99.0779 -2.57891 56.2655 54.529 68.5188 -4.109 -59.9802 -86.7977 -8.1155 2.78083 -62.5154 -97.1489 18.4657 -47.455 23.6927 2.55694 -25.5465 
40.1677 98.8377 -35.4457 64.0967 72.7581 45.5351 -91.3545 5.04317 -39.3918 -57.1904 1.47208 -58.7767 -59.9345 81.0662 79.9699 54.3942 2.68788 -24.845 29.7384 12.7489 70.3399 3.24494 -62.2628 -50.6048 85.7005 -31.0218 16.8336 -77.9197 2.78369 -14.5242 92.568 -9.69863 -4.84605 -47.6075 60.2875 52.0401 38.6116 -55.6017 -98.6078 98.8358 -66.0484 -74.9625 -95.1727 31.7893 82.1938 30.8328 6.74993 45.9937 16.666 -94.9384 -29.7579 59.1682 39.2735 70.5276 -42.9975 -58.541 -98.5833 -88.6988 38.4624 36.7278 84.0799 -69.2646 69.2316 -23.8035 -64.9417 -74.8259 1.66785 31.5495 51.8828 -5.16103 58.6426 5.61769 16.5917 56.2986 11.2264 82.9272 
-41.9359 -17.4463 -20.4333 -22.2328 -66.6232 63.6601 -64.5053 58.8468 38.8189 29.6542 -1.40874 -76.7526 19.7301 3.28978 91.3931 43.7801 11.412 0.732046 -96.5053 34.8461 58.1913 21.1161 98.5608 -87.8982 94.71 -9.2265 -69.7779 42.5676 33.6814 83.9158 -26.3693 11.0734 -89.1276 31.9838 -48.2904 -16.3286 -34.029 73.9656 -60.1948 -93.5111 -40.2487 -60.6259 60.3088 9.84139 4.28721 55.1552 -7.0666 31.7355 -21.3433 82.5748 34.6342 97.2935 11.1947 -51.2898 -27.2017 21.1081 -36.3282 32.0156 85.8609 64.0198 -19.6682 37.1994 10.3121 -85.2523 -35.7832 -7.92671 -24.1336 -13.0721 97.7763 -73.5679 -56.0014 -14.8066 -54.0592 26.71 -85.6726 -99.958 
6.04182 -55.2107 74.0522 -3.91876 -62.6579 -91.1319 -54.6285 58.4758 2.51902 -62.8399 49.617 -86.9434 -57.0381 -39.2786 45.1746 49.4814 33.6156 -21.9877 52.7847 -47.8583 45.711 64.0547 -32.3226 -46.4138 -77.0732 31.1981 -52.9171 22.1297 -66.8205 -52.6652 55.1451 24.1938 24.408 25.668 2.27048 -40.1113 49.6526 -89.5488 -46.1313 70.5699 68.3944 -94.5197 7.26725 -59.3874 75.488 -73.9044 89.151 -38.8684 -61.2263 -30.5797 46.6955 11.2627 92.5404 -74.2343 -56.5688 47.3725 -10.0228 -53.8899 72.3152 1.79392 -49.6505 -75.1919 50.1745 82.5276 42.1799 -82.5223 47.659 4.7924 -54.1655 40.072 89.2838 -7.57209 -64.1343 95.657 -92.4232 44.0955 
-87.2293 -63.5605 -61.5626 -83.1827 -52.3287 -88.298 -23.8915 55.7775 52.1465 26.267 69.3543 37.6982 -6.47095 42.8248 -43.7929 -27.3869 -91.2261 -36.8449 -52.1566 3.67853 24.9698 67.619 72.9445 -22.4662 11.0087 23.1479 47.1121 12.8203 71.0365 -90.2191 88.3313 -15.0455 -69.5908 -13.3247 51.3104 -25.4249 83.6186 -21.4462 -45.9102 -12.0284 39.4654 94.9588 -26.7412 -39.339 29.4387 -24.5074 -96.3991 21.0208 96.1978 -3.10486 16.6491 21.4136 98.8016 -42.282 -33.9977 0.648944 -93.2039 -77.7486 79.0292 43.383 -62.2881 -75.6658 84.2736 -13.9176 86.0586 -12.4577 22.8314 -73.4932 -0.615726 51.4854 -84.5947 17.6611 29.9376 -39.2587 -21.1121 -31.8473 
-57.6881 36.1775 34.681 84.2631 9.3285 -15.9639 94.7037 84.7919 98.1102 -62.4634 -22.945 -36.9063 -84.0869 -48.3015 -3.57757 71.7745 -85.61 -48.0611 37.227 73.6347 -21.8867 -49.5882 -28.3868 -97.1253 14.5504 -51.5349 53.4436 27.0835 -8.4283 -54.3714 -20.1803 29.0103 -24.1003 -54.4712 -97.8252 51.8195 -69.7554 20.5499 -17.3024 -1.44342 -59.5979 -62.4285 -36.2647 98.7685 2.0755 82.8877 94.0733 90.3 72.9106 8.84479 54.4013 -77.4998 60.8461 40.4948 -4.11154 97.424 5.6366 -65.6421 -46.4272 98.5182 -4.41641 -26.5625 -36.563 85.0743 43.0015 -73.9534 64.6211 86.8449 2.38554 93.8018 -73.5141 47.8973 10.4972 27.0224 -34.9537 -66.355 
-27.6922 -23.0531 -53.6007 -66.8521 17.405 -73.7203 -16.6563 57.0554 -70.191 -99.4031 -68.7109 -23.4184 7.37491 -49.8698 38.1014 -29.6914 -22.8773 -97.9943 10.5344 51.6371 64.3802 38.8041 -19.3135 -2.60248 60.101 -83.0766 -68.4064 93.1331 88.6758 -25.6422 31.0474 13.9047 96.8582 96.2129 50.1048 -88.676 22.6447 -10.0203 -10.7431 40.1412 53.9352 88.5268 70.588 -27.8313 39.4968 23.364 78.5631 9.59432 51.7456 88.2937 -47.9749 85.3291 -73.5781 -26.9684 -57.7886 -52.3226 14.5781 14.0261 -63.3833 -83.5994 -54.9507 44.0667 29.7694 -65.5407 58.2202 -92.6143 30.7213 -66.8985 36.4367 -8.67816 -53.8211 28.0712 -7.95716 64.0626 99.5799 38.8524 
-7.21503 -62.9385 -7.00466 72.6724 4.3233 61.727 45.0505 -35.6152 15.0212 61.4363 -40.1723 24.4107 70.6649 65.6296 37.1281 12.721 2.40601 37.8145 -51.1136 -66.8024 52.236 -69.3968 47.4569 7.97752 78.2566 58.0433 -66.5439 -2.93475 75.6891 -93.3527 21.2052 -4.69925 19.6272 74.4636 -90.317 41.5599 98.0304 -3.37093 -55.2632 -7.96861 71.5104 75.3782 81.1105 23.5893 64.7195 -59.8659 33.9796 95.6942 -67.7458 -4.26829 62.7723 14.0192 21.0259 -17.8076 -92.1963 56.8083 -22.6668 38.6528 37.4655 82.8363 30.3849 79.8442 -59.1466 -76.8438 86.596 18.7419 -4.22978 -89.9729 25.8667 -58.739 -26.3273 -82.6813 -24.3558 51.7744 -27.3057 72.9617 
67.7779 -57.5029 -51.2363 70.7145 98.9266 60.0451 -21.8089 57.9023 -36.1165 -9.66772 -85.3802 15.2351 56.8218 4.1664 24.6741 97.6398 31.3399 -70.2197 17.7333 44.3741 -4.98184 70.1856 9.88357 -86.8175 58.622 60.6861 -48.3452 62.9335 -76.0378 32.4728 -30.155 -14.8167 -25.0998 -52.7272 13.374 -23.4011 97.7285 -76.8524 -57.8084 15.0129 -78.0296 -43.557 -62.4308 -74.6859 -46.5411 -15.5722 77.6601 33.1514 -24.1375 -78.5193 -73.8233 52.4858 -71.8646 -27.5527 -78.359 20.8113 -23.981 -48.2222 -69.8312 -52.9835 -93.4175 -68.5291 31.525 41.2912 -19.5253 38.8664 27.2066 62.1222 88.09 -71.6562 74.8321 -97.5568 -36.9689 63.4762 44.406 -69.1902 
-79.1456 -0.880021 9.48397 -2.85817 -37.2097 16.672 5.6774 20.0465 -78.8097 45.3696 -73.8683 96.302 -52.9549 -13.7832 -54.1054 50.3326 -60.564 -99.0408 21.225 -71.7154 78.9767 -39.2562 21.6558 -30.4502 23.1556 -24.3116 -5.4734 8.63267 89.3383 -91.8321 -22.157 7.5911 -16.4372 -59.7566 70.2853 85.8489 62.364 -48.625 -40.6533 -60.7171 -72.4449 18.0301 31.083 11.7986 99.8759 13.6809 -64.7969 -42.1273 -34.1076 -45.9735 -76.4709 -46.7941 -69.218 53.0363 -19.5512 3.59189 -31.0338 14.2809 18.8929 -67.439 -46.8584 50.25 -48.6081 42.8506 -9.57185 -74.1327 52.1389 98.0445 33.156 53.4625 -55.0423 -95.9326 60.2738 21.8478 -3.42843 -21.5803 
-99.748 -64.2578 18.7797 29.9675 64.2288 94.1822 -79.1388 -85.6712 -75.3519 -39.1523 -32.0777 70.067 16.2757 -54.9761 17.1414 96.0413 -33.6243 76.9839 67.6917 94.6908 68.1048 37.6774 44.102 22.5824 -56.8551 36.7131 36.8183 4.77944 -71.9546 59.1186 6.61986 60.0168 -97.7101 -12.9964 -31.1853 68.3004 -75.8924 76.4084 -3.97419 5.7819 -23.5942 52.8391 67.1131 -29.3226 -24.4538 4.22038 -68.0086 -21.3506 -39.1738 6.4943 -50.2197 -41.9876 -84.9884 -0.0960523 -14.3507 8.36326 -38.7329 16.2331 29.0019 35.3647 -25.9178 -0.35373 54.8606 42.0693 58.0247 21.3421 96.3817 86.561 31.1162 -29.6694 -53.2582 89.7415 85.3278 -95.1225 75.8084 -88.1195 
-24.4057 12.9269 63.178 32.1972 -62.392 -22.0967 21.4628 -74.7495 85.0703 -23.1845 -62.7202 61.5324 -25.5907 96.4122 -0.245161 79.5755 24.7597 -63.3476 -83.86 -35.3226 -66.7303 64.5688 7.52258 32.0441 -35.4471 41.2938 24.2586 -86.1316 -14.3789 -65.5798 1.12296 73.6158 61.233 -56.7847 18.8439 -90.5868 -91.5717 -46.2383 73.3866 9.33511 95.2551 -48.0966 40.9046 83.4049 -13.806 -37.7399 -95.2742 -73.3684 97.0625 -69.7719 -56.9027 36.5701 34.2794 -65.4247 6.23797 41.6208 -79.9209 -31.0022 -53.9956 96.2193 -41.849 43.1044 56.3598 38.511 54.0762 59.2922 -76.3201 87.4891 29.1891 -18.5257 39.0774 -25.8531 87.5523 91.409 -88.998 11.3428 
37.732 -38.131 -67.1532 -43.1426 -96.9168 -80.3193 72.7234 62.0104 9.0069 -21.0533 -42.8478 56.9089 67.2905 -48.9081 1.41347 -43.7973 99.28 -0.300989 -58.7139 -3.89274 -25.336 -22.6061 59.5651 -89.4526 -29.7889 -61.4263 8.68184 -84.2942 67.5272 -69.6392 -25.7394 -2.4802 -84.7743 -1.59564 -17.9723 -60.4551 -69.0056 23.3038 67.4103 -35.8658 4.20758 -83.1806 -16.0676 -47.4179 46.6873 73.5687 69.3109 -92.0309 36.4701 -46.2956 -90.3634 61.9503 -1.96748 -67.4518 -62.5845 -57.3424 46.2909 10.6143 -5.70388 -65.1446 -85.6625 70.9887 -92.9744 -21.5212 93.6938 -88.8123 -68.5264 76.1933 -19.9368 -77.7094 -61.3707 -57.0625 -50.2177 -9.46743 80.8289 91.1387 
-31.3225 -37.2118 -19.5219 96.0224 47.6735 47.7902 10.0034 -72.5213 -66.2302 69.2754 -87.9416 -34.872 -93.375 46.4817 18.6196 -60.9574 89.6072 27.4626 -36.6978 20.6239 25.5313 -95.4561 70.0509 -54.559 27.2501 -7.27526 -75.2339 -56.9818 -93.2427 69.9298 -90.3823 -55.7377 16.1362 1.30965 11.2605 54.9566 54.9994 -24.4471 -82.291 -64.8503 60.3055 -45.3408 -42.3494 33.1494 -57.4168 -3.50204 -58.7743 -19.6052 95.2885 -85.8048 78.524 -47.7377 71.8421 50.6457 2.6349 84.7192 75.7377 -76.0575 -98.0395 50.1291 -80.9362 -95.361 67.1765 35.5598 54.2294 33.4163 28.3513 -99.6197 92.1793 56.9281 -8.70253 -63.4017 8.38915 -3.52572 -56.7514 -21.3625 
-39.8294 -11.9332 38.2878 -97.5299 15.4719 36.7012 36.961 3.2063 88.2957 -14.1102 49.3384 30.651 -47.8476 26.0477 -15.9233 -23.3675 61.656 52.1647 -67.4387 -41.4614 -41.2913 16.822 -72.0184 -13.2849 -79.8778 94.1062 43.1532 75.9575 17.6836 7.99034 93.5975 93.9765 62.7753 63.7151 59.673 -75.1327 44.4114 22.2124 -75.6255 -37.4432 92.6447 79.1541 -56.6644 41.3358 -69.0672 -13.089 12.5834 89.4321 86.0579 -25.6139 -92.1905 -46.0398 8.51251 69.7593 45.0131 -64.3388 58.3485 63.4831 -39.8702 -98.8396 3.39046 -16.5693 -81.0368 15.2546 -16.6965 -18.0785 -45.9473 -36.917 -63.6911 -56.3865 -87.8745 93.3571 52.1655 -54.8445 29.1473 78.7932 
76.6143 57.02 -64.1623 24.3186 -76.7914 -33.0705 -16.2344 -50.7733 52.8163 83.0325 -72.5833 93.2384 57.2662 73.2619 -87.2115 36.8766 -15.259 -57.1954 -82.7944 73.8584 -62.4386 -4.9042 -24.8753 -79.165 73.3051 38.7485 45.3367 -25.6617 -96.5284 47.1669 -66.1444 -88.5188 64.276 86.9966 -48.5848 35.7093 -33.528 95.1045 21.081 -91.4926 83.6403 -57.3463 -18.6226 9.89187 52.6328 -1.06882 36.317 -20.2945 -90.4303 -61.2558 73.4445 -18.6298 88.5424 -67.0799 -12.7105 -25.7085 -82.8641 -96.4061 -97.4391 -59.7635 -45.2616 88.2523 56.5082 -67.4427 90.407 69.6478 -29.7498 -4.87685 34.8065 -7.17844 -48.0958 54.247 -70.9739 -57.8527 69.005 -33.6879 
8.25244 98.7243 58.7974 7.60999 -98.9809 28.6211 35.6064 35.96 -19.8452 61.4745 1.8874 -78.5256 20.0872 5.15236 -4.24904 -13.551 48.631 -58.543 67.4284 68.9948 -4.33088 10.9349 -17.4787 34.781 -36.1277 2.50411 86.6271 -59.1344 -71.1543 -89.8712 -64.4223 55.0774 85.4539 23.6181 -50.9535 24.6156 -86.2616 0.458141 99.9742 66.0184 -28.1979 78.1579 -0.195314 -82.6352 -49.6329 19.5774 36.812 99.1407 57.2886 49.6007 38.8692 74.3997 34.9847 -11.8172 -11.3607 61.2737 26.3368 42.0669 17.7189 1.73315 -71.0276 38.3816 79.8435 -69.479 66.9683 -63.5504 -91.1622 36.4634 40.1093 -82.4356 -95.9382 -33.4423 -64.2425 76.2015 -81.72 -67.7556 
30.8614 87.7273 32.3019 97.3468 -92.4309 -86.4155 14.9231 13.2076 -19.4326 -3.08038 28.0719 5.09097 -36.137 44.773 -99.6476 22.3232 -14.183 25.7795 75.9283 -72.7089 -18.2769 19.7141 -64.6397 0.446246 -99.941 91.0657 -59.427 10.9181 -99.9543 67.7011 52.0994 35.0226 25.2806 90.7453 -43.0784 -18.3241 26.2612 -28.6772 21.6715 32.3843 83.0023 20.3447 -66.363 37.3201 39.4846 16.9232 27.4025 -45.3524 -37.9742 -32.7879 -65.8082 -38.7395 -95.5338 -35.843 -13.1205 83.2782 57.2822 -57.4875 7.31402 -73.2239 -74.7704 -65.9267 -29.9072 -50.21 -79.5841 29.3458 14.8238 -57.1931 -45.2467 -60.4492 29.6552 14.9687 -20.7771 -0.572704 -25.4442 -39.8859 
37.7734 56.9758 -6.96144 -0.846481 -26.7999 -25.3613 -48.1837 -23.3559 57.7003 -31.4725 41.3981 -22.5768 -48.2079 -30.7278 -42.0179 4.78084 -48.3487 3.39522 63.3927 40.5447 34.8314 11.7014 64.7861 60.0594 17.9269 97.1211 -85.0081 69.4433 -65.9172 -70.7611 -81.9032 52.4006 96.3184 23.4896 -9.72284 -11.7938 -17.9776 50.3493 21.1305 -59.4322 -76.4133 -77.5171 -29.8472 -41.2627 98.5272 -52.696 -61.3092 -22.908 -15.1983 -37.8875 25.0409 62.1421 22.4732 -93.3502 63.3439 21.0597 -50.197 -61.4961 35.0426 -38.389 -4.347 -59.9624 12.4451 -34.4783 -76.604 -82.9913 -35.273 -33.2532 -87.1451 -48.0849 36.4934 -55.7316 -81.199 87.707 90.756 -64.3429 
-10.9336 38.3673 39.5756 -53.2674 -65.302 69.1296 61.2027 33.2349 -20.1995 -93.4706 40.2619 81.5909 98.679 97.4623 48.3474 -24.6344 -30.6421 -2.26808 80.4406 -35.4303 -76.226 70.2611 79.0045 28.2927 -84.5729 -17.3812 73.7667 -2.99517 60.1097 63.4142 3.29692 11.3119 -81.6149 98.4008 21.5134 -23.7868 15.0827 94.6188 57.8539 -50.1904 50.5305 66.9421 96.1929 -86.3586 -29.7261 -5.76176 -37.8418 -7.04672 -34.2382 -41.1605 15.484 38.8047 -10.1207 -98.3165 -5.88758 47.3684 -80.0094 82.5934 -52.718 -31.1458 -67.3943 -95.8197 -41.6016 2.68352 -97.9997 -80.275 18.6813 -24.1732 -78.6766 82.4308 13.9586 1.41903 49.6136 55.3966 51.4615 -85.9293 
-13.8073 -59.8635 73.7063 -18.4932 -15.1304 -96.1987 -10.7306 50.849 19.4978 99.4952 16.3597 -42.0519 33.8785 -3.84259 17.5624 -29.1306 1.64444 38.0255 95.127 -0.850572 -95.5608 -90.0604 -45.4234 -31.6849 71.3058 36.9082 -83.1911 7.79374 -10.5703 -55.5729 -14.5703 -83.5809 56.3134 59.7465 -39.8405 0.586099 50.5728 -23.0231 51.5617 -2.47101 69.6525 49.4249 84.0031 40.488 81.0161 38.3848 -67.0404 51.1816 9.16899 -96.835 93.5246 68.6692 -77.4893 36.6248 -47.0911 -59.6961 87.657 51.2354 -86.109 -33.7559 64.2861 56.9994 -11.0583 -56.603 72.9076 -41.5179 8.73459 2.25187 47.2472 83.322 -6.47556 -34.6813 -88.8164 61.9864 4.78745 62.6496 
-48.7707 -88.5648 91.9057 59.4527 22.2574 79.76 -73.2072 7.1323 72.5871 -28.4439 -55.9182 -16.7994 51.6537 -56.918 -21.6374 -60.427 3.78539 21.0856 -15.0759 18.6037 73.0197 41.2655 -50.802 -29.8719 -57.4361 71.4125 29.812 51.0057 53.0288 54.9014 -72.9904 50.6296 -67.6754 -20.0228 76.8776 82.2261 -25.9921 -49.832 73.2911 3.50189 56.1932 38.4427 -93.9238 22.9913 14.8411 34.9981 12.8434 59.7707 -34.5895 53.5637 45.2771 -27.462 45.6684 -52.0111 49.289 0.237268 -12.2434 25.5783 95.289 -77.9863 84.7743 1.97914 63.3239 85.1159 -57.138 82.2908 61.5899 -58.948 60.1635 -31.2955 16.0195 39.0197 4.71492 43.7332 24.7225 -88.349 
-81.1607 -67.3846 67.5745 -74.5834 77.2371 -75.7354 -85.5526 -82.8021 -54.9026 51.5633 25.214 -28.5757 -72.3084 -87.0202 51.3136 27.2419 54.0102 -50.991 -5.71239 -8.18091 -96.5861 76.9992 -74.5155 17.8944 -48.1874 -85.6272 64.1351 -80.7791 -54.2416 -38.378 -18.8699 54.0788 -97.0242 -85.0018 -25.8445 30.7655 75.0867 -18.3282 -41.6232 38.856 52.2278 -7.12997 -33.4615 12.1543 78.0449 -99.461 -41.6804 77.6823 7.08282 40.9195 -65.1933 95.6398 18.6617 47.7235 88.9386 -8.37055 -83.792 -92.9216 67.437 13.36 -58.2908 -93.2919 42.8547 59.2423 85.0234 -12.5052 25.1944 42.3677 74.0043 -10.5498 89.9769 41.8518 2.60468 -23.0619 -1.18723 46.1543 
-85.5188 85.552 71.8874 12.3033 -18.7457 -58.688 31.3864 -88.1729 78.5984 3.95228 25.9906 23.2771 18.9937 27.6399 -56.0908 82.3208 -34.5954 -45.3741 -2.82547 -87.7031 -25.8394 -82.3196 54.8391 81.0169 51.5519 32.1343 81.5757 42.1509 30.7652 70.4597 16.5315 44.5103 84.898 80.2371 -55.8009 -46.2386 67.3337 78.0098 -89.9011 31.8914 -1.27683 -59.6298 1.8878 -71.712 -63.1145 35.1459 96.5558 13.6059 74.4986 98.4999 87.0509 64.4457 -60.6957 87.8435 -13.5852 73.2113 62.3518 -53.7964 43.6154 43.5194 30.8866 -88.2056 -71.5703 -81.6333 -10.2227 -13.3167 -12.9412 97.5104 57.9321 65.092 1.82276 35.0585 28.3336 3.47292 -30.582 8.94109 
72.9727 52.4661 -2.47074 74.2779 -11.7423 46.7485 -97.2841 -53.5465 43.2639 -63.6723 60.2293 73.3448 -93.3335 -56.7476 43.745 23.0302 68.7421 -51.2648 -6.88184 -63.057 0.863482 -87.4594 70.0065 -1.50296 -60.3276 74.1376 31.3654 -42.4601 -26.6103 -40.015 68.3586 -97.1329 86.9634 -6.86474 24.3601 20.9028 -86.486 29.1812 49.0772 40.623 -49.9676 -4.99943 -25.3929 22.2388 -33.0208 19.0897 40.4308 -79.9352 -71.087 40.2002 45.1135 23.244 62.2227 -23.2237 79.0461 -71.5243 91.0282 -89.4732 24.3592 4.79301 -43.8692 91.186 -36.3543 -7.45853 44.4433 -41.6374 -0.52606 -41.483 -4.87782 18.4134 73.7705 60.9964 -34.3193 -5.22935 -89.7644 -70.6482 
16.2762 -45.9992 90.9844 -24.6541 38.0771 -38.9948 13.8784 54.8656 -74.0649 -9.3451 -63.1463 99.4653 -86.2763 -46.0349 91.0291 -74.7252 94.1672 67.4622 36.4394 37.7682 -29.6636 43.4163 97.1158 24.5097 -65.2329 29.8318 -16.6663 89.5116 21.4556 4.10143 -67.275 -91.33 16.6977 37.8041 -26.2114 64.571 45.4836 42.9317 -47.3923 77.8936 -41.5331 -46.4943 -29.1724 99.8429 60.4098 -91.9617 -0.290332 -79.6137 -66.8413 -2.02185 18.7429 11.5795 16.3592 -51.3825 14.5275 -36.5077 14.8751 5.76894 -41.4975 -48.5659 -47.3885 -58.0256 -36.4313 98.7628 -93.6222 91.4294 54.4356 99.9469 8.23844 63.498 11.6521 36.2882 96.1141 -10.3596 85.8857 81.7929 
93.7705 0.419235 46.0842 -63.5658 49.3748 43.0957 -89.7742 -35.0692 -8.49979 -55.9711 93.8229 81.562 12.1152 19.481 16.5876 -11.6061 -63.2386 -51.0903 -73.9406 80.895 2.08246 -0.140921 31.5474 16.3245 -33.9477 41.4217 -25.3917 41.9252 37.1315 68.7171 -71.0274 42.7738 98.8503 -23.7722 61.4223 -74.5767 -11.2669 37.902 18.9884 -61.2927 53.715 -12.0764 32.2255 13.9537 -79.8516 -65.0861 98.6099 -63.2384 -47.476 70.21 19.4328 6.71338 31.7693 -53.1004 -58.4717 65.7786 -59.4981 15.7877 -56.8154 -96.3879 8.51397 94.3733 -68.6432 -85.6005 -86.9866 16.4447 -13.2292 56.4784 32.925 -29.373 -71.879 -70.7117 -52.2063 -32.065 83.3403 99.9252 
43.4169 -91.5736 -77.0789 -64.4213 71.0025 -61.4548 -70.6723 10.3349 99.3902 51.8907 -73.1568 53.9001 98.345 84.9068 28.1852 -91.7614 -34.3489 97.6976 3.31236 70.7654 -46.0926 -78.4421 23.7669 49.4541 -25.1395 80.0998 37.8557 40.8188 41.6625 21.0134 -27.7734 12.0234 77.2245 -88.4061 -40.7925 0.414701 -30.1275 47.7608 -84.1316 -0.158897 -70.5787 -15.8339 80.4364 95.189 41.2821 29.0799 -54.415 46.733 42.2403 -67.904 -61.9483 34.3671 7.58717 -82.5027 -22.8415 -96.4814 36.6253 -38.9939 29.2995 36.9233 -29.3381 -85.1252 -98.5817 -63.3539 10.4355 -10.9968 -23.3329 44.157 -53.3394 -74.5183 -29.4426 -41.3452 -88.8579 -35.3228 -70.1379 -6.98418 
16.9653 -64.2234 -2.30223 -93.536 -58.9673 -63.8294 19.966 -30.8666 24.3184 -80.2726 58.9213 90.5183 -58.352 77.9491 89.9864 1.97145 -65.7877 -93.7751 -78.1382 -68.9355 0.474288 -28.6449 -34.8701 -62.5297 63.2124 10.3154 -29.0574 31.8432 -10.5923 -24.4563 -37.754 68.526 -83.8146 -71.5613 69.2466 27.8722 48.3268 27.7621 -2.57984 40.7098 10.0213 27.3804 -17.1112 11.8587 -90.0764 86.0053 91.2696 -32.0517 -92.7489 -30.2635 -39.4361 -3.02927 87.0301 -85.8923 8.06345 -77.6781 63.6394 -12.8508 17.1268 50.4123 79.2024 -44.9322 25.0313 -98.5019 77.8337 -48.1936 10.736 40.7445 -6.4556 -99.2885 57.8642 -76.4152 89.2709 -23.6049 71.9921 -29.1726 
96.2553 -36.5123 -61.4414 -45.5108 99.8847 -37.7323 32.7261 27.1567 22.107 -46.8643 -48.7348 -85.9375 48.9776 -32.9804 98.9554 -56.0661 96.5564 23.763 -15.7599 -76.913 -76.8079 89.7664 -95.4637 -57.6535 17.0443 64.0868 -93.2079 55.1997 -57.817 70.3456 98.5717 94.3044 -26.6594 -63.9626 -19.5167 -16.4851 -65.0853 -89.1919 -48.4418 38.9791 -77.6944 -9.55099 76.5012 -44.4919 25.4473 92.9064 78.1262 66.8399 -21.8548 85.7731 -12.2964 -66.1816 85.0946 -15.2131 -87.2074 -95.3533 -3.24386 80.4106 60.4279 11.9206 -51.0523 -36.1635 0.481006 84.2724 -33.9704 59.9379 -24.4143 69.4633 70.2911 -17.8429 -86.2302 -71.7722 -75.5899 -40.2004 -48.2817 -69.7407 
68.7429 -38.3497 56.7762 36.8457 65.3112 85.0358 -3.54427 31.5227 2.22818 49.0666 61.5822 12.6682 -85.7132 18.9992 -80.7446 -74.7428 -1.7776 -76.1511 -72.093 -66.5903 16.5743 -35.4637 -38.5929 -30.121 -43.664 -60.3967 -87.5241 -17.2985 64.0508 -98.7716 -54.8503 -68.5007 -91.8819 -59.8696 -28.9459 -94.43 -85.6573 -43.059 -92.3699 -61.6307 -27.0974 -25.9042 28.8415 -61.0136 -56.0703 27.1381 -90.1103 -83.8467 -11.8531 -15.6503 -34.4245 28.1994 -51.9192 -6.21616 -74.9616 -79.9348 -64.1372 45.7561 22.6396 -95.4388 -40.4705 12.5337 54.6653 -39.6557 -93.7634 -82.1816 -25.796 46.5314 53.3582 -8.77982 37.5776 -33.6869 25.0963 -5.64809 72.5718 -85.5761 
-77.3325 72.582 85.0294 88.6037 -38.1206 -92.4749 -24.9414 9.39036 23.7051 11.2486 55.8819 7.20511 96.3354 -90.5067 54.5919 -73.1416 -91.0166 83.1664 -21.948 -79.7951 84.2541 58.6192 13.4649 -94.7437 42.6615 12.5262 -71.9309 57.6984 -63.2131 -23.2555 -55.5215 50.317 78.4642 -52.894 10.6353 -52.0944 48.8917 -77.1161 -90.4808 89.7929 -51.3563 54.1346 41.0523 -34.1772 -16.3209 94.2279 88.9301 48.7043 -26.8791 42.6845 -1.2722 18.0704 -90.9515 -22.0732 15.3953 -51.7211 -76.6423 72.5557 43.4077 -46.783 -81.8782 73.071 -94.9538 -88.2003 18.3281 40.324 -74.1288 -82.7113 71.2081 -5.89989 40.6207 -87.4512 7.91804 78.477 -36.7031 -68.4277 
-64.0373 -75.0541 -34.6102 -93.2931 22.0444 -99.7364 -69.5284 36.794 -2.88987 29.8913 -17.6303 88.1681 40.8338 93.4415 70.5806 48.8048 61.9575 -81.0876 -40.0064 12.7379 85.6752 -57.1739 79.039 7.80247 -63.8196 -16.815 -10.2949 -26.6872 68.2287 -80.3425 84.3492 57.1192 1.61936 16.5302 22.3163 70.0384 -65.3356 -95.845 -67.5705 -57.1269 68.8871 -14.4652 83.1437 -3.39114 5.17885 40.9399 76.7595 97.2945 28.6412 -27.2524 -31.8175 43.9822 8.39744 -64.1663 -42.2806 -10.7534 67.8797 54.603 -86.8568 -2.27571 -47.8336 60.2221 -47.4567 -5.40108 23.9833 87.2288 54.1673 -10.0907 5.67504 -19.5596 61.0596 29.0761 81.2741 -25.5797 82.1867 -87.768 
83.1084 2.94119 32.5668 -49.6541 62.7325 -54.946 -76.6459 12.7935 20.8574 -49.0233 65.7144 62.4462 -67.3006 79.1103 7.35009 -67.0309 10.9178 95.425 7.79096 -57.2828 47.9847 79.5036 17.2417 -18.2198 -20.053 -30.3368 -71.363 2.04492 -31.0418 81.062 8.97066 -30.1123 -97.674 -7.1118 71.914 58.8023 90.9906 78.3065 96.6027 2.38184 31.554 -72.4659 65.4067 90.808 9.52289 51.2619 -40.4145 -46.1043 -74.9466 -27.0178 -88.9756 -12.6519 -39.6971 10.6054 44.5949 -93.6487 46.8557 -97.0047 41.8618 -29.0454 33.6837 -77.3436 85.682 57.4183 29.0254 29.809 -0.318051 54.5217 -53.6805 -8.82551 69.6401 41.7725 70.793 17.8373 -7.7441 44.9349 
20.2442 44.6064 98.9552 -60.7933 47.7324 38.1484 -40.4396 -68.3244 71.8436 74.8182 70.2474 47.3173 62.5352 28.832 -20.6966 -47.8693 60.6283 -20.482 -40.3451 -79.9236 -76.3638 -47.0157 7.77188 21.9863 -75.8036 -31.0842 -32.0846 -45.8227 57.324 43.655 -90.552 91.8966 -93.6717 59.1248 -89.4898 -54.7683 -90.4211 92.3148 -65.769 20.1234 13.1611 -1.794 48.2354 93.1598 -63.6167 -6.4715 33.5036 94.7014 46.6744 56.4668 37.3753 -32.5475 -26.4594 97.092 25.5997 53.7054 26.5595 -13.8904 -56.5793 71.7284 -59.987 -1.8938 -29.1355 -80.2084 -63.0855 -78.6957 -39.1203 -94.99 -96.6065 -66.2466 -6.21277 -18.0843 57.7868 21.9813 39.7248 55.2608 
-31.4481 51.5734 -6.02289 -26.6349 -52.5038 -30.7655 -75.6392 -68.2397 95.8875 -19.5553 -65.5948 -51.3886 -87.8884 59.9966 -36.3711 -89.8574 -33.5663 51.5218 -73.2363 -81.7105 90.8019 -92.4735 -1.80825 8.78455 41.9164 89.3086 9.28225 6.76806 -49.188 97.8235 -81.0917 92.1202 64.424 -25.921 -54.5779 -91.5508 -93.845 -53.5493 -3.1856 59.5551 -57.358 -15.1881 -66.8876 20.4816 33.9478 -39.0644 44.5735 -53.6022 -91.7117 0.774769 21.5343 -72.9354 -24.7975 27.8496 68.0779 -14.5975 59.4781 48.8602 -5.86875 -36.0628 91.9832 -37.7291 86.4682 70.8403 12.7335 11.8616 -42.6689 63.0032 94.9483 -4.74258 91.515 93.1117 -71.3779 -47.8933 57.0788 -77.1444 
33.5476 35.054 -46.8731 4.25154 55.6349 56.3634 99.4815 -13.939 -73.0058 -8.3324 -42.6246 8.83429 77.8525 66.7677 -35.133 -80.9112 -74.0065 -27.693 -36.2249 -31.6981 49.3907 -90.767 79.0192 75.0331 80.9663 0.490554 44.7458 43.1453 -57.4148 29.6207 35.4527 53.2394 -5.62315 91.6974 -42.4077 54.487 -36.9031 -31.1055 9.9091 -57.7884 -50.2924 -64.5197 18.0467 -89.5391 -83.778 -56.9377 47.4402 -72.723 -56.053 -82.4426 -12.1754 -32.6718 85.5123 4.44215 59.27 -49.591 -75.7786 -11.0477 -77.9176 38.4563 -65.2858 -58.3734 -82.3973 -51.7779 -31.6362 89.6482 -82.5804 71.6294 74.6179 -96.1386 -1.34027 73.9992 -95.2827 -17.0402 5.27049 -18.9136 
-80.8345 15.2861 -87.0877 -82.2624 15.0845 -74.2197 -11.2889 67.9605 11.8958 -67.0254 -95.9108 26.4853 -61.9694 80.8077 -64.6073 -55.175 73.9888 -69.5384 67.7992 -98.3492 44.1691 -49.9289 45.2106 55.1234 59.0435 -55.2507 1.51355 38.2554 -41.4469 2.27155 -21.9807 -29.9074 -54.2594 62.7643 79.1521 -90.7545 89.0382 65.2703 -1.33367 -14.9493 -52.9917 -30.8815 -24.5476 28.5249 18.644 -49.8366 -4.07413 -73.8415 -53.5378 -9.84141 -4.61905 -32.3574 -30.5991 -78.5011 32.0125 33.5557 -29.3259 -81.1575 -13.3623 20.311 -33.2864 -44.3623 3.39752 -97.8731 47.3658 76.692 -37.0657 36.3975 -67.1356 51.1415 -65.6221 88.7637 51.5239 -37.4353 24.7475 -68.2123 
-43.31 88.6426 15.6865 42.8088 88.0694 -17.2389 65.9513 42.7153 -83.9242 86.7876 38.7826 19.3273 34.6434 51.1646 -76.9678 2.70778 -90.418 -55.344 32.6505 -42.6029 -26.4866 38.9364 3.48177 -81.8559 47.8367 -7.96855 72.6531 79.8953 -0.512494 -13.4915 48.7361 -91.8247 -97.5064 9.94285 -90.4706 60.8945 54.0756 48.8095 -58.0336 29.7205 -86.7976 -6.96346 -34.8568 -37.412 16.1505 41.803 -16.6628 -51.3398 -68.5567 -33.1155 26.962 -49.6565 22.6443 -17.8044 -38.2272 -84.9122 80.514 -1.76749 93.7813 -18.4066 40.6494 -4.84126 33.0088 -21.572 40.2219 10.1604 -33.3961 -87.6131 86.6096 47.8542 85.5954 2.47119 -66.7113 -17.5241 72.477 -79.7684 
