77 1
80.2891
18.3356
-32.8356
-67.5039
61.6245
-77.8339
46.1634
68.3617
-44.7651
32.6114
99.4671
-55.8771
73.0418
13.2215
14.1173
68.6707
-51.2663
-32.8623
84.1015
93.4359
-22.4373
95.8851
-58.4179
-29.6356
-85.1765
39.0165
-48.9974
99.8932
-94.6037
-4.20436
-62.711
15.7197
0.373467
76.8648
66.0039
-73.0803
-60.3104
-37.3636
29.927
-16.8312
-81.9873
38.9974
29.4687
80.3278
69.7024
88.9658
47.7675
27.8841
47.5877
6.15577
60.0443
-35.2014
-29.5608
-27.9438
-51.7735
43.3232
-67.7245
-45.9255
-69.1371
12.6644
51.1562
-17.4151
-95.5156
69.8331
84.5785
-88.5317
47.2148
-60.9425
-59.9537
-42.2395
80.2493
-50.3446
57.4681
67.1309
69.543
9.06198
-95.341
