71 1
-53.5738
-14.3189
-57.2241
34.9776
67.8117
-88.8499
-99.7028
95.5778
-24.598
-18.3587
46.1268
53.854
-76.1994
-83.8346
-8.13118
-60.7174
-76.7667
-17.1366
-14.1759
-54.8042
-94.1926
-95.5818
-42.834
88.776
58.4171
16.6094
-46.3181
-68.5148
71.7179
-37.6832
58.934
-96.8549
-39.7237
-36.6575
96.7705
22.2775
17.3865
14.3582
-81.5103
55.8182
-62.9288
-44.2037
69.1262
3.99347
-81.6888
56.0163
65.7951
18.3099
-66.2693
11.9434
-67.8451
-72.5199
-42.7652
45.8718
-32.0646
89.9536
49.3562
-70.0858
67.7879
-88.7632
-43.9089
23.7032
-20.769
-65.2094
25.832
-41.3543
-41.2749
92.5607
67.3335
73.4266
81.5701
