81 1
-25.2942
79.9968
-93.3497
71.6211
-64.5756
77.9917
6.88342
89.6729
-67.1536
-49.9609
-92.6378
36.324
96.7285
-84.8068
51.7638
-6.32295
-69.7891
53.8801
-37.1605
44.082
85.8701
19.1932
-19.9426
23.9226
66.4777
90.7638
68.0041
-54.321
26.6078
-3.23354
53.8241
22.1225
12.4076
-64.8892
7.17621
10.548
80.0606
-21.1199
37.9798
-73.1032
-44.9045
90.4968
-20.0899
-51.234
-90.2476
9.4139
19.3922
-74.9509
-99.1175
-67.6951
48.878
91.8276
-54.2926
-95.0132
-87.4711
73.538
-47.2138
77.0272
-3.58408
-37.7023
-62.4982
-6.42902
-52.5484
18.9643
-66.7769
80.9113
76.1807
-31.1095
-56.6166
44.7048
-46.6521
-82.371
-10.0248
-86.4147
27.5752
57.1959
92.1313
50.7229
99.5879
-25.4884
16.1895
