82 1
81.9913
27.9071
34.467
87.3295
-53.1847
-74.96
-53.2672
-62.2779
95.3309
27.0992
55.6459
41.061
-87.641
18.3016
-5.08248
-21.1898
62.7973
33.5502
77.8518
54.3676
-43.6046
-61.9837
40.7245
55.896
44.8403
30.8119
56.1333
32.0076
-48.4052
54.3415
-82.3336
18.9962
68.6939
-61.4693
85.5989
60.5366
38.4464
-30.5177
89.5357
26.9194
34.9069
79.8941
-20.4854
-97.9268
-56.0461
33.0386
80.5037
26.0993
51.6688
-1.86294
89.6479
-87.4609
44.6647
79.139
89.6391
-34.9895
-68.9494
-32.3054
42.9224
-3.96819
-93.4035
-32.73
-92.7636
-77.0775
-41.4306
76.4089
4.73969
59.9552
67.3716
-86.104
50.1553
-40.1645
-44.9782
52.1961
60.6096
65.7198
-47.9607
-75.317
-53.4033
50.6003
39.1961
-31.9008
