66 1
59.935
-73.0035
30.2594
-29.7912
98.678
81.653
-57.9846
52.6147
96.0914
7.91235
-17.1158
-65.555
17.046
91.5214
-0.645321
-45.9038
94.3555
32.6196
38.1034
4.50204
65.7191
-58.3416
52.9608
-88.3027
97.0653
-23.2676
-59.3655
43.3946
-66.6367
37.5
61.7231
-19.2697
-65.7733
-51.7587
91.1921
65.5638
-69.7662
39.191
83.8405
-92.4536
-67.375
28.9324
66.3023
-56.7141
5.76445
83.1346
42.5343
73.3588
-58.796
15.0724
-78.2015
66.7236
24.206
30.0474
7.35903
83.2322
83.835
15.369
-93.1362
60.5686
-23.2214
-82.6829
-51.7403
1.05371
-90.3281
56.1501
