76 1
-67.0883
46.4774
-53.5928
66.179
70.4203
-45.5747
26.5561
-71.9965
-45.7336
-44.4257
-62.0265
-78.9712
-69.7185
41.7429
-26.2895
-46.9312
26.9431
32.1859
-51.5193
-85.3623
-83.3902
61.3525
-48.3286
-59.5058
85.3111
24.1034
-94.9563
68.7046
-81.3485
-24.8221
14.7848
87.7726
-5.65552
-52.3746
-60.0562
34.8197
14.9558
-37.3625
48.9858
-96.0095
-31.9067
-56.2013
24.2452
89.7384
32.7518
60.3243
70.375
-7.97573
-48.1532
88.905
26.8552
-45.1978
-39.7871
97.967
-68.7934
-10.0538
26.0682
-71.7087
-7.29211
41.5736
-72.9231
-18.4631
90.0962
46.7923
37.4805
-65.0747
88.8486
78.3931
-46.6673
62.4267
5.77945
-64.7609
-35.9265
-16.8816
70.9835
19.8774
